{"exons": {"units": [[1, 2, 3, 4, 5, 6, 7, 8, 9, 10, 11, 12, 13, 14, 15, 16], [17, 18, 19, 20, 21, 22, 23, 24, 25, 26, 27, 28, 29, 30, 31, 32, 33, 34, 35], [35, 36, 37, 38, 39, 40, 41, 42, 43, 44, 45, 46, 47, 48, 49, 50, 51, 52, 53, 54, 55, 56, 57, 58, 59, 60, 61, 62, 63, 64, 65, 66, 67], [68, 69, 70, 71, 72, 73, 74, 75, 76, 77, 78, 79, 80], [81, 82, 83, 84, 85, 86, 87, 88, 89, 90, 91, 92, 93, 94, 95, 96, 97, 98, 99, 100, 101, 102, 103, 104, 105, 106, 107, 108, 109, 110, 111, 112, 113, 114, 115, 116, 117, 118, 119, 120, 121, 122, 123, 124, 125, 126, 127], [128, 129, 130, 131, 132, 133, 134, 135, 136, 137, 138, 139, 140, 141, 142, 143, 144, 145, 146, 147, 148, 149, 150, 151, 152, 153, 154, 155, 156, 157, 158, 159, 160, 161, 162, 163, 164, 165, 166, 167, 168, 169, 170, 171, 172, 173, 174, 175, 176, 177, 178, 179, 180, 181], [181, 182, 183, 184, 185, 186, 187, 188, 189, 190, 191, 192, 193, 194, 195, 196, 197, 198, 199, 200, 201, 202, 203, 204, 205, 206, 207, 208, 209, 210, 211], [212, 213, 214, 215, 216, 217, 218, 219, 220, 221, 222, 223, 224, 225, 226, 227, 228, 229, 230, 231, 232, 233, 234, 235, 236, 237, 238, 239, 240, 241, 242, 243, 244, 245, 246, 247, 248, 249, 250, 251, 252, 253, 254, 255, 256], [256, 257, 258, 259, 260, 261, 262, 263, 264, 265, 266, 267, 268, 269, 270, 271, 272, 273, 274, 275, 276, 277, 278, 279, 280, 281, 282, 283], [283, 284, 285, 286, 287, 288, 289, 290, 291, 292, 293, 294, 295, 296, 297, 298, 299], [300, 301, 302, 303, 304, 305, 306, 307, 308, 309, 310, 311, 312, 313, 314, 315, 316, 317, 318, 319, 320, 321, 322, 323, 324], [324, 325, 326, 327, 328, 329, 330, 331, 332, 333, 334, 335, 336, 337, 338, 339, 340, 341, 342, 343, 344, 345, 346, 347, 348, 349, 350, 351, 352, 353, 354, 355, 356, 357, 358, 359, 360, 361, 362, 363, 364, 365, 366], [366, 367, 368, 369, 370, 371, 372, 373, 374, 375, 376, 377, 378, 379, 380, 381, 382, 383, 384, 385, 386, 387, 388, 389, 390, 391, 392, 393, 394, 395, 396, 397, 398, 399, 400, 401, 402, 403, 404, 405, 406, 407, 408, 409, 410, 411, 412, 413, 414, 415, 416, 417], [417, 418, 419, 420, 421, 422, 423, 424, 425, 426, 427, 428, 429, 430, 431, 432, 433, 434, 435, 436, 437, 438], [439, 440, 441, 442, 443, 444, 445, 446, 447, 448, 449, 450, 451, 452, 453, 454, 455, 456, 457, 458, 459], [459, 460, 461, 462, 463, 464, 465, 466, 467, 468, 469, 470, 471, 472, 473, 474, 475, 476, 477, 478, 479, 480, 481, 482, 483, 484, 485, 486, 487, 488, 489, 490, 491, 492, 493, 494, 495, 496, 497, 498, 499, 500, 501, 502, 503, 504], [505, 506, 507, 508, 509, 510, 511, 512, 513, 514, 515, 516, 517, 518, 519, 520, 521, 522, 523, 524, 525, 526, 527, 528, 529, 530, 531, 532, 533, 534, 535], [535, 536, 537, 538, 539, 540, 541, 542, 543, 544, 545, 546, 547, 548, 549, 550, 551, 552, 553, 554, 555, 556, 557, 558, 559, 560, 561, 562, 563, 564, 565, 566, 567, 568, 569, 570, 571, 572, 573, 574, 575, 576, 577, 578, 579, 580, 581, 582, 583, 584, 585, 586, 587, 588, 589, 590, 591, 592, 593, 594, 595, 596, 597, 598, 599, 600, 601, 602, 603, 604, 605, 606, 607, 608, 609, 610, 611, 612, 613, 614, 615, 616, 617, 618, 619, 620]], "scores": [[0, 0, 0, 0, 0, 0, 0, 0, 0, 0, 0, 0, 0, 0, 0, 0, 0, 0], [0, 0, 0.45083, 0.43906500000000004, 0.36642, 0.4053, 0.46341, 0.40485, 0.434635, 0.47901, 0.421, 0.45950500000000005, 0.354915, 0.49419, 0.38309499999999996, 0.41042500000000004, 0, 0], [0, 0.45083, 0, 0.52179, 0.43007, 0.58004, 0.4589, 0.65068, 0.454805, 0.45271000000000006, 0.600265, 0.6205849999999999, 0.5824400000000001, 0.48558500000000004, 0.41681, 0.599845, 0, 0], [0, 0.43906500000000004, 0.52179, 0, 0.42605499999999996, 0.437225, 0.41200000000000003, 0.46801000000000004, 0.48603, 0.50896, 0.523465, 0.45779000000000003, 0.46398, 0.523345, 0.5586500000000001, 0.46063499999999996, 0, 0], [0, 0.36642, 0.43007, 0.42605499999999996, 0, 0.34665, 0.290065, 0.389475, 0.32342000000000004, 0.32994999999999997, 0.348265, 0.34029, 0.366815, 0.32492, 0.32699, 0.332125, 0, 0], [0, 0.4053, 0.58004, 0.437225, 0.34665, 0, 0.41325999999999996, 0.504115, 0.41036, 0.37633, 0.604305, 0.62896, 0.744855, 0.392865, 0.42324, 0.506365, 0, 0], [0, 0.46341, 0.4589, 0.41200000000000003, 0.290065, 0.41325999999999996, 0, 0.416275, 0.42605499999999996, 0.492665, 0.398035, 0.456985, 0.422815, 0.487465, 0.43379, 0.440915, 0, 0], [0, 0.40485, 0.65068, 0.46801000000000004, 0.389475, 0.504115, 0.416275, 0, 0.39004, 0.362, 0.57086, 0.586005, 0.517225, 0.448935, 0.40434000000000003, 0.67621, 0, 0], [0, 0.434635, 0.454805, 0.48603, 0.32342000000000004, 0.41036, 0.42605499999999996, 0.39004, 0, 0.492645, 0.420255, 0.372305, 0.41624, 0.45189999999999997, 0.45116, 0.398605, 0, 0], [0, 0.47901, 0.45271000000000006, 0.50896, 0.32994999999999997, 0.37633, 0.492665, 0.362, 0.492645, 0, 0.4298, 0.42538, 0.38530000000000003, 0.46248, 0.41809, 0.37570000000000003, 0, 0], [0, 0.421, 0.600265, 0.523465, 0.348265, 0.604305, 0.398035, 0.57086, 0.420255, 0.4298, 0, 0.628155, 0.40397000000000005, 0.43179999999999996, 0.42264, 0.65823, 0, 0], [0, 0.45950500000000005, 0.6205849999999999, 0.45779000000000003, 0.34029, 0.62896, 0.456985, 0.586005, 0.372305, 0.42538, 0.628155, 0, 0.66466, 0.47719500000000004, 0.39812000000000003, 0.638355, 0, 0], [0, 0.354915, 0.5824400000000001, 0.46398, 0.366815, 0.744855, 0.422815, 0.517225, 0.41624, 0.38530000000000003, 0.40397000000000005, 0.66466, 0, 0.430195, 0.423565, 0.654795, 0, 0], [0, 0.49419, 0.48558500000000004, 0.523345, 0.32492, 0.392865, 0.487465, 0.448935, 0.45189999999999997, 0.46248, 0.43179999999999996, 0.47719500000000004, 0.430195, 0, 0.51891, 0.46533, 0, 0], [0, 0.38309499999999996, 0.41681, 0.5586500000000001, 0.32699, 0.42324, 0.43379, 0.40434000000000003, 0.45116, 0.41809, 0.42264, 0.39812000000000003, 0.423565, 0.51891, 0, 0.4061, 0, 0], [0, 0.41042500000000004, 0.599845, 0.46063499999999996, 0.332125, 0.506365, 0.440915, 0.67621, 0.398605, 0.37570000000000003, 0.65823, 0.638355, 0.654795, 0.46533, 0.4061, 0, 0, 0], [0, 0, 0, 0, 0, 0, 0, 0, 0, 0, 0, 0, 0, 0, 0, 0, 0, 0], [0, 0, 0, 0, 0, 0, 0, 0, 0, 0, 0, 0, 0, 0, 0, 0, 0, 0]]}, "units": {"units": [[2, 3, 4, 5, 6, 7, 8, 9, 10, 11, 12, 13, 14, 15, 16, 17, 18, 19, 20, 21, 22, 23, 24, 25, 26, 27, 28, 29, 30, 31, 32, 33, 34], [35, 36, 37, 38, 39, 40, 41, 42, 43, 44, 45, 46, 47, 48, 49, 50, 51, 52, 53, 54, 55, 56, 57, 58, 59, 60, 61, 62, 63, 64, 65, 66, 67, 68], [69, 70, 71, 72, 73, 74, 75, 76, 77, 78, 79, 80, 81, 82, 83, 84, 85, 86, 87, 88, 89, 90, 91, 92, 93, 94], [95, 96, 97, 98, 99, 100, 101, 102, 103, 104, 105, 106, 107, 108, 109, 110, 111, 112, 113, 114, 115, 116, 117, 118, 119, 120, 121, 122, 123, 124, 125, 126, 127, 128, 129, 130, 131, 132, 133, 134, 135, 136, 137, 138, 139, 140, 141, 142, 143, 144, 145, 146, 147, 148, 149, 150, 151, 152, 153, 154, 155, 156, 157, 158, 159, 160, 161, 162, 163], [164, 165, 166, 167, 168, 169, 170, 171, 172, 173, 174, 175, 176, 177, 178, 179, 180, 181, 182, 183, 184, 185, 186, 187, 188, 189, 190, 191, 192, 193, 194, 195, 196, 197, 198, 199, 200, 201, 202, 203, 204, 205, 206, 207, 208, 209, 210, 211, 212, 213, 214, 215, 216, 217, 218, 219, 220, 221, 222, 223, 224, 225, 226, 227, 228, 229], [230, 231, 232, 233, 234, 235, 236, 237, 238, 239, 240, 241, 242, 243, 244, 245, 246, 247, 248, 249, 250, 251, 252, 253, 254, 255, 256, 257, 258, 259, 260, 261, 262, 263, 264], [265, 266, 267, 268, 269, 270, 271, 272, 273, 274, 275, 276, 277, 278, 279, 280, 281, 282, 283, 284, 285, 286, 287, 288, 289, 290, 291, 292, 293, 294, 295], [296, 297, 298, 299, 300, 301, 302, 303, 304, 305, 306, 307, 308, 309, 310, 311, 312, 313, 314, 315, 316, 317, 318, 319, 320, 321, 322, 323, 324, 325, 326, 327, 328, 329, 330, 331, 332, 333], [334, 335, 336, 337, 338, 339, 340, 341, 342, 343, 344, 345, 346, 347, 348, 349, 350, 351, 352, 353, 354, 355, 356, 357, 358, 359, 360, 361, 362, 363, 364, 365, 366, 367], [368, 369, 370, 371, 372, 373, 374, 375, 376, 377, 378, 379, 380, 381, 382, 383, 384, 385, 386, 387, 388, 389, 390, 391, 392, 393, 394, 395, 396, 397, 398, 399], [400, 401, 402, 403, 404, 405, 406, 407, 408, 409, 410, 411, 412, 413, 414, 415, 416, 417, 418, 419, 420, 421, 422, 423, 424, 425, 426, 427, 428, 429, 430, 431, 432, 433, 434, 435, 436, 437, 438], [439, 440, 441, 442, 443, 444, 445, 446, 447, 448, 449, 450, 451, 452, 453, 454, 455, 456, 457, 458, 459, 460, 461, 462, 463, 464, 465, 466, 467, 468, 469, 470, 471, 472, 473, 474, 475, 476, 477, 478], [479, 480, 481, 482, 483, 484, 485, 486, 487, 488, 489, 490, 491, 492, 493, 494, 495, 496, 497, 498, 499, 500, 501, 502, 503, 504, 505, 506, 507, 508, 509], [510, 511, 512, 513, 514, 515, 516, 517, 518, 519, 520, 521, 522, 523, 524, 525, 526, 527, 528, 529, 530]], "scores": [[0, 0.7042550000000001, 0.65725, 0.68642, 0.37452, 0.798195, 0.551845, 0.678945, 0.7286, 0.70936, 0.69245, 0.7102649999999999, 0.729155, 0.452795], [0.7042550000000001, 0, 0.7523599999999999, 0.6456949999999999, 0.36026, 0.73981, 0.48424500000000004, 0.6510199999999999, 0.64633, 0.686895, 0.6407400000000001, 0.642555, 0.67147, 0.48062499999999997], [0.65725, 0.7523599999999999, 0, 0.6446149999999999, 0.35158, 0.73611, 0.47979, 0.6340950000000001, 0.64636, 0.67897, 0.638145, 0.63791, 0.6801649999999999, 0.462945], [0.68642, 0.6456949999999999, 0.6446149999999999, 0, 0.39235, 0.687565, 0.4899, 0.79006, 0.7573, 0.80945, 0.752245, 0.80694, 0.81892, 0.42343], [0.37452, 0.36026, 0.35158, 0.39235, 0, 0.384065, 0.39161999999999997, 0.400745, 0.38983, 0.38743, 0.41886, 0.40027, 0.384645, 0.317215], [0.798195, 0.73981, 0.73611, 0.687565, 0.384065, 0, 0.551195, 0.708515, 0.7388600000000001, 0.758305, 0.7137899999999999, 0.7316549999999999, 0.728005, 0.50666], [0.551845, 0.48424500000000004, 0.47979, 0.4899, 0.39161999999999997, 0.551195, 0, 0.50284, 0.554155, 0.5313399999999999, 0.529635, 0.515645, 0.54249, 0.449315], [0.678945, 0.6510199999999999, 0.6340950000000001, 0.79006, 0.400745, 0.708515, 0.50284, 0, 0.8131349999999999, 0.82411, 0.78833, 0.816195, 0.828465, 0.42696500000000004], [0.7286, 0.64633, 0.64636, 0.7573, 0.38983, 0.7388600000000001, 0.554155, 0.8131349999999999, 0, 0.817115, 0.7905, 0.79636, 0.809985, 0.53005], [0.70936, 0.686895, 0.67897, 0.80945, 0.38743, 0.758305, 0.5313399999999999, 0.82411, 0.817115, 0, 0.83723, 0.8582, 0.9070750000000001, 0.48067499999999996], [0.69245, 0.6407400000000001, 0.638145, 0.752245, 0.41886, 0.7137899999999999, 0.529635, 0.78833, 0.7905, 0.83723, 0, 0.7946, 0.817675, 0.43039499999999997], [0.7102649999999999, 0.642555, 0.63791, 0.80694, 0.40027, 0.7316549999999999, 0.515645, 0.816195, 0.79636, 0.8582, 0.7946, 0, 0.83258, 0.44864000000000004], [0.729155, 0.67147, 0.6801649999999999, 0.81892, 0.384645, 0.728005, 0.54249, 0.828465, 0.809985, 0.9070750000000001, 0.817675, 0.83258, 0, 0.48738000000000004], [0.452795, 0.48062499999999997, 0.462945, 0.42343, 0.317215, 0.50666, 0.449315, 0.42696500000000004, 0.53005, 0.48067499999999996, 0.43039499999999997, 0.44864000000000004, 0.48738000000000004, 0]]}}