{"exons": {"units": [[1, 2, 3, 4, 5, 6, 7, 8, 9, 10, 11, 12, 13, 14, 15, 16], [17, 18, 19, 20, 21, 22, 23, 24, 25, 26, 27, 28, 29, 30, 31, 32, 33, 34, 35], [35, 36, 37, 38, 39, 40, 41, 42, 43, 44, 45, 46, 47, 48, 49, 50, 51, 52, 53, 54, 55, 56, 57, 58, 59, 60, 61, 62, 63, 64, 65, 66, 67], [68, 69, 70, 71, 72, 73, 74, 75, 76, 77, 78, 79, 80], [81, 82, 83, 84, 85, 86, 87, 88, 89, 90, 91, 92, 93, 94, 95, 96, 97, 98, 99, 100, 101, 102, 103, 104, 105, 106, 107, 108, 109, 110, 111, 112, 113, 114, 115, 116, 117, 118, 119, 120, 121, 122, 123, 124, 125, 126, 127], [128, 129, 130, 131, 132, 133, 134, 135, 136, 137, 138, 139, 140, 141, 142, 143, 144, 145, 146, 147, 148, 149, 150, 151, 152, 153, 154, 155, 156, 157, 158, 159, 160, 161, 162, 163, 164, 165, 166, 167, 168, 169, 170, 171, 172, 173, 174, 175, 176, 177, 178, 179, 180, 181], [181, 182, 183, 184, 185, 186, 187, 188, 189, 190, 191, 192, 193, 194, 195, 196, 197, 198, 199, 200, 201, 202, 203, 204, 205, 206, 207, 208, 209, 210, 211], [212, 213, 214, 215, 216, 217, 218, 219, 220, 221, 222, 223, 224, 225, 226, 227, 228, 229, 230, 231, 232, 233, 234, 235, 236, 237, 238, 239, 240, 241, 242, 243, 244, 245, 246, 247, 248, 249, 250, 251, 252, 253, 254, 255, 256], [256, 257, 258, 259, 260, 261, 262, 263, 264, 265, 266, 267, 268, 269, 270, 271, 272, 273, 274, 275, 276, 277, 278, 279, 280, 281, 282, 283], [283, 284, 285, 286, 287, 288, 289, 290, 291, 292, 293, 294, 295, 296, 297, 298, 299], [300, 301, 302, 303, 304, 305, 306, 307, 308, 309, 310, 311, 312, 313, 314, 315, 316, 317, 318, 319, 320, 321, 322, 323, 324], [324, 325, 326, 327, 328, 329, 330, 331, 332, 333, 334, 335, 336, 337, 338, 339, 340, 341, 342, 343, 344, 345, 346, 347, 348, 349, 350, 351, 352, 353, 354, 355, 356, 357, 358, 359, 360, 361, 362, 363, 364, 365, 366], [366, 367, 368, 369, 370, 371, 372, 373, 374, 375, 376, 377, 378, 379, 380, 381, 382, 383, 384, 385, 386, 387, 388, 389, 390, 391, 392, 393, 394, 395, 396, 397, 398, 399, 400, 401, 402, 403, 404, 405, 406, 407, 408, 409, 410, 411, 412, 413, 414, 415, 416, 417], [417, 418, 419, 420, 421, 422, 423, 424, 425, 426, 427, 428, 429, 430, 431, 432, 433, 434, 435, 436, 437, 438], [439, 440, 441, 442, 443, 444, 445, 446, 447, 448, 449, 450, 451, 452, 453, 454, 455, 456, 457, 458, 459], [459, 460, 461, 462, 463, 464, 465, 466, 467, 468, 469, 470, 471, 472, 473, 474, 475, 476, 477, 478, 479, 480, 481, 482, 483, 484, 485, 486, 487, 488, 489, 490, 491, 492, 493, 494, 495, 496, 497, 498, 499, 500, 501, 502, 503, 504], [505, 506, 507, 508, 509, 510, 511, 512, 513, 514, 515, 516, 517, 518, 519, 520, 521, 522, 523, 524, 525, 526, 527, 528, 529, 530, 531, 532, 533, 534, 535], [535, 536, 537, 538, 539, 540, 541, 542, 543, 544, 545, 546, 547, 548, 549, 550, 551, 552, 553, 554, 555, 556, 557, 558, 559, 560, 561, 562, 563, 564, 565, 566, 567, 568, 569, 570, 571, 572, 573, 574, 575, 576, 577, 578, 579, 580, 581, 582, 583, 584, 585, 586, 587, 588, 589, 590, 591, 592, 593, 594, 595, 596, 597, 598, 599, 600, 601, 602, 603, 604, 605, 606, 607, 608, 609, 610, 611, 612, 613, 614, 615, 616, 617, 618, 619, 620]], "scores": [[0, 0, 0, 0, 0, 0, 0, 0, 0, 0, 0, 0, 0, 0, 0, 0, 0, 0], [0, 0, 0.451625, 0.517565, 0.363165, 0.405, 0.44961, 0.40020500000000003, 0.444625, 0.52561, 0.427145, 0.481105, 0.44954, 0.507055, 0.395035, 0.420165, 0, 0], [0, 0.451625, 0, 0.526015, 0.46236, 0.57858, 0.43617, 0.653045, 0.454635, 0.44233, 0.59734, 0.61026, 0.57077, 0.49844, 0.43776000000000004, 0.603665, 0, 0], [0, 0.517565, 0.526015, 0, 0.46934, 0.487965, 0.45011, 0.503545, 0.529595, 0.610595, 0.51268, 0.456225, 0.493375, 0.583785, 0.636375, 0.50081, 0, 0], [0, 0.363165, 0.46236, 0.46934, 0, 0.381405, 0.329415, 0.42908, 0.34872499999999995, 0.358425, 0.46613, 0.40807000000000004, 0.4222, 0.361085, 0.39754, 0.390445, 0, 0], [0, 0.405, 0.57858, 0.487965, 0.381405, 0, 0.42413, 0.509815, 0.410205, 0.38439, 0.598805, 0.64765, 0.6583600000000001, 0.42139499999999996, 0.439945, 0.506875, 0, 0], [0, 0.44961, 0.43617, 0.45011, 0.329415, 0.42413, 0, 0.410805, 0.40441499999999997, 0.48694, 0.381985, 0.46157000000000004, 0.43754499999999996, 0.44128999999999996, 0.40986, 0.435745, 0, 0], [0, 0.40020500000000003, 0.653045, 0.503545, 0.42908, 0.509815, 0.410805, 0, 0.39353499999999997, 0.371255, 0.55842, 0.584945, 0.51679, 0.431005, 0.427775, 0.6825000000000001, 0, 0], [0, 0.444625, 0.454635, 0.529595, 0.34872499999999995, 0.410205, 0.40441499999999997, 0.39353499999999997, 0, 0.502285, 0.40675, 0.385295, 0.404, 0.45426, 0.449045, 0.40538, 0, 0], [0, 0.52561, 0.44233, 0.610595, 0.358425, 0.38439, 0.48694, 0.371255, 0.502285, 0, 0.436795, 0.459725, 0.39614, 0.42981, 0.450535, 0.380955, 0, 0], [0, 0.427145, 0.59734, 0.51268, 0.46613, 0.598805, 0.381985, 0.55842, 0.40675, 0.436795, 0, 0.655685, 0.36858500000000005, 0.397735, 0.44020499999999996, 0.655635, 0, 0], [0, 0.481105, 0.61026, 0.456225, 0.40807000000000004, 0.64765, 0.46157000000000004, 0.584945, 0.385295, 0.459725, 0.655685, 0, 0.675245, 0.42003, 0.37922, 0.66986, 0, 0], [0, 0.44954, 0.57077, 0.493375, 0.4222, 0.6583600000000001, 0.43754499999999996, 0.51679, 0.404, 0.39614, 0.36858500000000005, 0.675245, 0, 0.413045, 0.413045, 0.62451, 0, 0], [0, 0.507055, 0.49844, 0.583785, 0.361085, 0.42139499999999996, 0.44128999999999996, 0.431005, 0.45426, 0.42981, 0.397735, 0.42003, 0.413045, 0, 0.506065, 0.460885, 0, 0], [0, 0.395035, 0.43776000000000004, 0.636375, 0.39754, 0.439945, 0.40986, 0.427775, 0.449045, 0.450535, 0.44020499999999996, 0.37922, 0.413045, 0.506065, 0, 0.425105, 0, 0], [0, 0.420165, 0.603665, 0.50081, 0.390445, 0.506875, 0.435745, 0.6825000000000001, 0.40538, 0.380955, 0.655635, 0.66986, 0.62451, 0.460885, 0.425105, 0, 0, 0], [0, 0, 0, 0, 0, 0, 0, 0, 0, 0, 0, 0, 0, 0, 0, 0, 0, 0], [0, 0, 0, 0, 0, 0, 0, 0, 0, 0, 0, 0, 0, 0, 0, 0, 0, 0]]}, "units": {"units": [[2, 3, 4, 5, 6, 7, 8, 9, 10, 11, 12, 13, 14, 15, 16, 17, 18, 19, 20, 21, 22, 23, 24, 25, 26, 27, 28, 29, 30, 31, 32, 33, 34], [35, 36, 37, 38, 39, 40, 41, 42, 43, 44, 45, 46, 47, 48, 49, 50, 51, 52, 53, 54, 55, 56, 57, 58, 59, 60, 61, 62, 63, 64, 65, 66, 67, 68], [69, 70, 71, 72, 73, 74, 75, 76, 77, 78, 79, 80, 81, 82, 83, 84, 85, 86, 87, 88, 89, 90, 91, 92, 93, 94, 95, 96, 97, 98, 99, 100, 101, 102, 103, 104, 105, 106, 107, 108, 109, 110, 111, 112, 113, 114, 115, 116, 117, 118, 119, 120, 121, 122, 123, 124, 125, 126, 127], [128, 129, 130, 131, 132, 133, 134, 135, 136, 137, 138, 139, 140, 141, 142, 143, 144, 145, 146, 147, 148, 149, 150, 151, 152, 153, 154, 155, 156, 157, 158, 159, 160, 161, 162, 163], [164, 165, 166, 167, 168, 169, 170, 171, 172, 173, 174, 175, 176, 177, 178, 179, 180, 181, 182, 183, 184, 185, 186, 187, 188, 189, 190, 191, 192, 193, 194], [195, 196, 197, 198, 199, 200, 201, 202, 203, 204, 205, 206, 207, 208, 209, 210, 211, 212, 213, 214, 215, 216, 217, 218, 219, 220, 221, 222, 223, 224, 225], [226, 227, 228, 229, 230, 231, 232, 233, 234, 235, 236, 237, 238, 239, 240, 241, 242, 243, 244, 245, 246, 247, 248, 249, 250, 251, 252, 253, 254, 255, 256, 257, 258, 259, 260, 261, 262, 263, 264], [265, 266, 267, 268, 269, 270, 271, 272, 273, 274, 275, 276, 277, 278, 279, 280, 281, 282, 283, 284, 285, 286, 287, 288, 289, 290, 291, 292, 293, 294, 295], [296, 297, 298, 299, 300, 301, 302, 303, 304, 305, 306, 307, 308, 309, 310, 311, 312, 313, 314, 315, 316, 317, 318, 319, 320, 321, 322, 323, 324, 325, 326, 327, 328, 329, 330, 331, 332, 333], [334, 335, 336, 337, 338, 339, 340, 341, 342, 343, 344, 345, 346, 347, 348, 349, 350, 351, 352, 353, 354, 355, 356, 357, 358, 359, 360, 361, 362, 363, 364], [365, 366, 367, 368, 369, 370, 371, 372, 373, 374, 375, 376, 377, 378, 379, 380, 381, 382, 383, 384, 385, 386, 387, 388, 389, 390, 391, 392, 393, 394, 395, 396, 397, 398, 399], [400, 401, 402, 403, 404, 405, 406, 407, 408, 409, 410, 411, 412, 413, 414, 415, 416, 417, 418, 419, 420, 421, 422, 423, 424, 425, 426, 427, 428, 429, 430, 431, 432, 433, 434, 435, 436, 437, 438, 439, 440], [441, 442, 443, 444, 445, 446, 447, 448, 449, 450, 451, 452, 453, 454, 455, 456, 457, 458, 459, 460, 461, 462, 463, 464, 465, 466, 467, 468, 469, 470, 471, 472, 473, 474, 475, 476, 477, 478], [479, 480, 481, 482, 483, 484, 485, 486, 487, 488, 489, 490, 491, 492, 493, 494, 495, 496, 497, 498, 499, 500, 501, 502, 503, 504, 505, 506, 507, 508, 509, 510], [511, 512, 513, 514, 515, 516, 517, 518, 519, 520, 521, 522, 523, 524, 525, 526, 527]], "scores": [[0, 0.70333, 0.652905, 0.7113750000000001, 0.396615, 0.48612, 0.7689699999999999, 0.55617, 0.676705, 0.70143, 0.720275, 0.6917249999999999, 0.707005, 0.723025, 0.484725], [0.70333, 0, 0.74123, 0.6718299999999999, 0.37263999999999997, 0.482755, 0.71878, 0.482715, 0.643095, 0.638455, 0.6651750000000001, 0.630575, 0.636445, 0.69554, 0.49673999999999996], [0.652905, 0.74123, 0, 0.645065, 0.36011, 0.46101000000000003, 0.6789799999999999, 0.463295, 0.63676, 0.68008, 0.630285, 0.62368, 0.622195, 0.6841999999999999, 0.505575], [0.7113750000000001, 0.6718299999999999, 0.645065, 0, 0.401445, 0.44931, 0.70407, 0.5198849999999999, 0.828645, 0.7767850000000001, 0.8103, 0.77777, 0.838525, 0.88374, 0.44886499999999996], [0.396615, 0.37263999999999997, 0.36011, 0.401445, 0, 0.33461, 0.35967499999999997, 0.44661, 0.40374, 0.35329, 0.39686, 0.39375499999999997, 0.402875, 0.372095, 0.401705], [0.48612, 0.482755, 0.46101000000000003, 0.44931, 0.33461, 0, 0.45116, 0.40832, 0.43618999999999997, 0.37191, 0.48866, 0.46892, 0.419915, 0.35114999999999996, 0.459205], [0.7689699999999999, 0.71878, 0.6789799999999999, 0.70407, 0.35967499999999997, 0.45116, 0, 0.5289900000000001, 0.7153700000000001, 0.69792, 0.7305200000000001, 0.695955, 0.7105300000000001, 0.700765, 0.494885], [0.55617, 0.482715, 0.463295, 0.5198849999999999, 0.44661, 0.40832, 0.5289900000000001, 0, 0.48558, 0.52639, 0.5207200000000001, 0.52113, 0.513865, 0.5315300000000001, 0.465365], [0.676705, 0.643095, 0.63676, 0.828645, 0.40374, 0.43618999999999997, 0.7153700000000001, 0.48558, 0, 0.80858, 0.8158099999999999, 0.75878, 0.77181, 0.845415, 0.473515], [0.70143, 0.638455, 0.68008, 0.7767850000000001, 0.35329, 0.37191, 0.69792, 0.52639, 0.80858, 0, 0.8246100000000001, 0.772575, 0.770655, 0.86878, 0.53403], [0.720275, 0.6651750000000001, 0.630285, 0.8103, 0.39686, 0.48866, 0.7305200000000001, 0.5207200000000001, 0.8158099999999999, 0.8246100000000001, 0, 0.76867, 0.82287, 0.8657699999999999, 0.484495], [0.6917249999999999, 0.630575, 0.62368, 0.77777, 0.39375499999999997, 0.46892, 0.695955, 0.52113, 0.75878, 0.772575, 0.76867, 0, 0.77014, 0.79786, 0.480155], [0.707005, 0.636445, 0.622195, 0.838525, 0.402875, 0.419915, 0.7105300000000001, 0.513865, 0.77181, 0.770655, 0.82287, 0.77014, 0, 0.8348500000000001, 0.47792], [0.723025, 0.69554, 0.6841999999999999, 0.88374, 0.372095, 0.35114999999999996, 0.700765, 0.5315300000000001, 0.845415, 0.86878, 0.8657699999999999, 0.79786, 0.8348500000000001, 0, 0.47406000000000004], [0.484725, 0.49673999999999996, 0.505575, 0.44886499999999996, 0.401705, 0.459205, 0.494885, 0.465365, 0.473515, 0.53403, 0.484495, 0.480155, 0.47792, 0.47406000000000004, 0]]}}