{"exons": {"units": [[1, 2], [3, 4, 5, 6, 7, 8, 9, 10, 11, 12, 13, 14, 15, 16, 17, 18, 19, 20, 21, 22, 23, 24, 25, 26, 27, 28, 29, 30, 31], [31, 32, 33, 34, 35, 36, 37, 38, 39, 40, 41, 42, 43, 44, 45, 46, 47, 48, 49, 50, 51, 52, 53, 54, 55, 56, 57, 58, 59, 60, 61, 62, 63, 64], [64, 65, 66, 67, 68, 69, 70, 71, 72, 73, 74, 75, 76, 77, 78, 79, 80, 81, 82, 83, 84, 85, 86, 87, 88, 89, 90, 91, 92, 93, 94, 95], [96, 97, 98, 99, 100, 101, 102, 103, 104, 105, 106, 107, 108, 109, 110, 111, 112, 113, 114, 115, 116, 117, 118, 119, 120], [121, 122, 123, 124, 125, 126, 127, 128, 129, 130, 131, 132, 133, 134, 135, 136, 137, 138], [138, 139, 140, 141, 142, 143, 144, 145, 146, 147, 148, 149, 150, 151, 152, 153, 154, 155, 156, 157, 158, 159, 160, 161, 162], [163, 164, 165, 166, 167, 168, 169, 170, 171, 172, 173, 174, 175, 176, 177, 178, 179, 180, 181, 182, 183, 184, 185, 186, 187, 188, 189, 190, 191, 192, 193, 194, 195, 196, 197, 198, 199, 200, 201, 202, 203], [203, 204, 205, 206, 207, 208, 209, 210, 211, 212, 213, 214, 215, 216, 217, 218, 219, 220, 221, 222, 223, 224, 225, 226, 227, 228, 229, 230, 231, 232, 233, 234, 235, 236, 237, 238, 239, 240, 241, 242, 243, 244, 245, 246, 247, 248, 249, 250, 251, 252, 253, 254], [255, 256, 257, 258, 259, 260, 261, 262, 263, 264, 265, 266, 267, 268, 269, 270, 271, 272, 273, 274, 275, 276, 277, 278, 279, 280, 281, 282, 283, 284, 285, 286, 287, 288, 289], [289, 290, 291, 292, 293, 294, 295, 296, 297, 298, 299, 300, 301, 302, 303, 304, 305, 306, 307, 308, 309, 310, 311, 312, 313, 314, 315, 316, 317, 318, 319, 320, 321, 322, 323, 324, 325, 326, 327, 328, 329, 330, 331, 332, 333, 334], [335, 336, 337, 338, 339, 340, 341, 342, 343, 344, 345, 346, 347, 348, 349], [350, 351, 352, 353, 354, 355, 356, 357, 358, 359, 360, 361, 362, 363, 364, 365, 366, 367, 368, 369, 370, 371, 372, 373, 374, 375, 376, 377, 378, 379, 380, 381, 382, 383, 384], [385, 386, 387, 388, 389, 390, 391, 392, 393, 394, 395, 396, 397, 398, 399, 400, 401, 402, 403, 404, 405, 406, 407, 408], [408, 409, 410, 411, 412, 413, 414, 415, 416, 417, 418, 419, 420, 421, 422, 423, 424, 425, 426], [426, 427, 428, 429, 430, 431, 432, 433, 434, 435, 436, 437, 438, 439, 440, 441, 442, 443, 444, 445, 446, 447, 448, 449, 450, 451, 452, 453, 454, 455, 456, 457, 458, 459, 460, 461, 462, 463, 464, 465, 466, 467, 468], [468, 469, 470, 471, 472, 473, 474, 475, 476, 477, 478, 479, 480, 481, 482, 483, 484], [484, 485, 486, 487, 488, 489, 490, 491, 492, 493, 494, 495, 496, 497, 498, 499, 500, 501, 502, 503, 504, 505, 506, 507, 508, 509, 510, 511, 512, 513, 514, 515, 516, 517], [517, 518, 519, 520, 521, 522, 523, 524, 525, 526, 527, 528, 529, 530, 531, 532, 533, 534, 535, 536, 537, 538, 539, 540], [540, 541, 542, 543, 544, 545, 546, 547, 548, 549, 550, 551, 552, 553, 554, 555, 556, 557, 558, 559, 560, 561, 562, 563, 564, 565, 566, 567, 568, 569, 570, 571, 572, 573, 574, 575, 576, 577, 578, 579, 580, 581, 582, 583, 584, 585, 586, 587, 588, 589, 590, 591, 592, 593, 594, 595, 596, 597, 598, 599, 600, 601, 602, 603, 604, 605], [605, 606, 607, 608, 609, 610, 611, 612, 613, 614, 615, 616, 617, 618, 619, 620, 621, 622, 623], [624, 625, 626, 627, 628, 629, 630, 631, 632, 633, 634, 635, 636, 637, 638, 639, 640, 641, 642, 643, 644, 645, 646, 647, 648, 649, 650, 651, 652, 653, 654, 655, 656, 657], [657, 658, 659, 660, 661, 662, 663, 664, 665, 666, 667, 668, 669, 670, 671, 672, 673, 674, 675, 676, 677, 678], [679, 680, 681, 682, 683, 684, 685, 686, 687, 688, 689, 690, 691, 692, 693, 694, 695, 696, 697, 698, 699, 700, 701, 702, 703], [703, 704, 705, 706, 707, 708, 709, 710, 711, 712, 713, 714, 715, 716, 717, 718, 719, 720, 721, 722, 723, 724, 725, 726, 727], [728, 729, 730, 731, 732, 733, 734, 735, 736, 737, 738, 739, 740, 741, 742, 743, 744, 745, 746, 747, 748, 749, 750, 751, 752, 753, 754, 755, 756, 757, 758, 759, 760]], "scores": [[0, 0, 0, 0, 0, 0, 0, 0, 0, 0, 0, 0, 0, 0, 0, 0, 0, 0, 0, 0, 0, 0, 0, 0, 0, 0], [0, 0, 0, 0, 0, 0, 0, 0, 0, 0, 0, 0, 0, 0, 0, 0, 0, 0, 0, 0, 0, 0, 0, 0, 0, 0], [0, 0, 0, 0, 0, 0, 0, 0, 0, 0, 0, 0, 0, 0, 0, 0, 0, 0, 0, 0, 0, 0, 0, 0, 0, 0], [0, 0, 0, 0, 0.306805, 0.23013, 0.21513, 0.41984, 0.33324, 0.359315, 0.36805, 0.25889, 0.38956999999999997, 0.173145, 0.34835, 0.311015, 0.27863, 0.202115, 0.19624, 0.220745, 0.18148999999999998, 0.24636, 0.18678499999999998, 0.236405, 0.272615, 0], [0, 0, 0, 0.306805, 0, 0.191995, 0.24251, 0.257785, 0.331635, 0.310015, 0.40993999999999997, 0.198125, 0.31405, 0.219745, 0.198345, 0.39431, 0.18718, 0.167855, 0.21198499999999998, 0.214535, 0.180175, 0.25775000000000003, 0.12115000000000001, 0.19149, 0.12704, 0], [0, 0, 0, 0.23013, 0.191995, 0, 0.176095, 0.203465, 0.223395, 0.23047, 0.219245, 0.205565, 0.214515, 0.15547, 0.20136500000000002, 0.209275, 0.22854000000000002, 0.23886, 0.30813, 0.18282500000000002, 0.16897, 0.171215, 0.16634, 0.19963, 0.241225, 0], [0, 0, 0, 0.21513, 0.24251, 0.176095, 0, 0.17428, 0.20193, 0.18616500000000002, 0.242, 0.201395, 0.242815, 0.19746000000000002, 0.16147, 0.263165, 0.201215, 0.19983, 0.17674, 0.17171, 0.19243500000000002, 0.19343, 0.09349, 0.17302, 0.15804, 0], [0, 0, 0, 0.41984, 0.257785, 0.203465, 0.17428, 0, 0.247055, 0.32981499999999997, 0.342155, 0.20169, 0.25881, 0.262875, 0.22606500000000002, 0.289115, 0.21531, 0.2354, 0.205795, 0.26776, 0.17088, 0.237585, 0.185725, 0.19907000000000002, 0.173785, 0], [0, 0, 0, 0.33324, 0.331635, 0.223395, 0.20193, 0.247055, 0, 0.25389, 0.309175, 0.2051, 0.26233, 0.15444, 0.1834, 0.27664, 0.18495, 0.22144, 0.19689, 0.24656, 0.15992499999999998, 0.18866, 0.152025, 0.214205, 0.17272500000000002, 0], [0, 0, 0, 0.359315, 0.310015, 0.23047, 0.18616500000000002, 0.32981499999999997, 0.25389, 0, 0.27745, 0.22778, 0.27504, 0.17983500000000002, 0.160725, 0.290435, 0.279705, 0.315795, 0.277935, 0.26077, 0.229135, 0.205925, 0.20612000000000003, 0.265925, 0.25201, 0], [0, 0, 0, 0.36805, 0.40993999999999997, 0.219245, 0.242, 0.342155, 0.309175, 0.27745, 0, 0.231275, 0.40544, 0.284805, 0.25792499999999996, 0.30693000000000004, 0.23761500000000002, 0.22385, 0.23703000000000002, 0.283335, 0.187485, 0.174035, 0.170815, 0.23332999999999998, 0.18515500000000001, 0], [0, 0, 0, 0.25889, 0.198125, 0.205565, 0.201395, 0.20169, 0.2051, 0.22778, 0.231275, 0, 0.19838, 0.23098, 0.173625, 0.306655, 0.19651000000000002, 0.2241, 0.232825, 0.20207999999999998, 0.200545, 0.210625, 0.038285, 0.29928, 0.22006, 0], [0, 0, 0, 0.38956999999999997, 0.31405, 0.214515, 0.242815, 0.25881, 0.26233, 0.27504, 0.40544, 0.19838, 0, 0.18706499999999998, 0.34514500000000004, 0.273805, 0.238105, 0.17295, 0.215835, 0.191315, 0.21462, 0.21777, 0.153735, 0.20869, 0.17735499999999998, 0], [0, 0, 0, 0.173145, 0.219745, 0.15547, 0.19746000000000002, 0.262875, 0.15444, 0.17983500000000002, 0.284805, 0.23098, 0.18706499999999998, 0, 0.20229999999999998, 0.3023, 0.178435, 0.18221500000000002, 0.18497, 0.158525, 0.185315, 0.171705, 0.16997, 0.14110499999999998, 0.156915, 0], [0, 0, 0, 0.34835, 0.198345, 0.20136500000000002, 0.16147, 0.22606500000000002, 0.1834, 0.160725, 0.25792499999999996, 0.173625, 0.34514500000000004, 0.20229999999999998, 0, 0.24553000000000003, 0.26187, 0.178135, 0.21388000000000001, 0.158145, 0.17689, 0.184675, 0.07058500000000001, 0.200285, 0.22523500000000002, 0], [0, 0, 0, 0.311015, 0.39431, 0.209275, 0.263165, 0.289115, 0.27664, 0.290435, 0.30693000000000004, 0.306655, 0.273805, 0.3023, 0.24553000000000003, 0, 0.23995, 0.22416, 0.253415, 0.2589, 0.199545, 0.24481, 0.14392, 0.229095, 0.204065, 0], [0, 0, 0, 0.27863, 0.18718, 0.22854000000000002, 0.201215, 0.21531, 0.18495, 0.279705, 0.23761500000000002, 0.19651000000000002, 0.238105, 0.178435, 0.26187, 0.23995, 0, 0.23704, 0.25199, 0.22571000000000002, 0.26455, 0.155885, 0.20995999999999998, 0.230095, 0.22349, 0], [0, 0, 0, 0.202115, 0.167855, 0.23886, 0.19983, 0.2354, 0.22144, 0.315795, 0.22385, 0.2241, 0.17295, 0.18221500000000002, 0.178135, 0.22416, 0.23704, 0, 0.229145, 0.21464, 0.20297500000000002, 0.26345, 0.21884, 0.301535, 0.28694, 0], [0, 0, 0, 0.19624, 0.21198499999999998, 0.30813, 0.17674, 0.205795, 0.19689, 0.277935, 0.23703000000000002, 0.232825, 0.215835, 0.18497, 0.21388000000000001, 0.253415, 0.25199, 0.229145, 0, 0.18201499999999998, 0.212015, 0.21889, 0.094735, 0.253585, 0.178, 0], [0, 0, 0, 0.220745, 0.214535, 0.18282500000000002, 0.17171, 0.26776, 0.24656, 0.26077, 0.283335, 0.20207999999999998, 0.191315, 0.158525, 0.158145, 0.2589, 0.22571000000000002, 0.21464, 0.18201499999999998, 0, 0.1976, 0.279885, 0.176595, 0.213535, 0.334965, 0], [0, 0, 0, 0.18148999999999998, 0.180175, 0.16897, 0.19243500000000002, 0.17088, 0.15992499999999998, 0.229135, 0.187485, 0.200545, 0.21462, 0.185315, 0.17689, 0.199545, 0.26455, 0.20297500000000002, 0.212015, 0.1976, 0, 0.26575000000000004, 0.20988, 0.23567500000000002, 0.25633, 0], [0, 0, 0, 0.24636, 0.25775000000000003, 0.171215, 0.19343, 0.237585, 0.18866, 0.205925, 0.174035, 0.210625, 0.21777, 0.171705, 0.184675, 0.24481, 0.155885, 0.26345, 0.21889, 0.279885, 0.26575000000000004, 0, 0.21416000000000002, 0.23736000000000002, 0.39356, 0], [0, 0, 0, 0.18678499999999998, 0.12115000000000001, 0.16634, 0.09349, 0.185725, 0.152025, 0.20612000000000003, 0.170815, 0.038285, 0.153735, 0.16997, 0.07058500000000001, 0.14392, 0.20995999999999998, 0.21884, 0.094735, 0.176595, 0.20988, 0.21416000000000002, 0, 0.206065, 0.24333500000000002, 0], [0, 0, 0, 0.236405, 0.19149, 0.19963, 0.17302, 0.19907000000000002, 0.214205, 0.265925, 0.23332999999999998, 0.29928, 0.20869, 0.14110499999999998, 0.200285, 0.229095, 0.230095, 0.301535, 0.253585, 0.213535, 0.23567500000000002, 0.23736000000000002, 0.206065, 0, 0.23262, 0], [0, 0, 0, 0.272615, 0.12704, 0.241225, 0.15804, 0.173785, 0.17272500000000002, 0.25201, 0.18515500000000001, 0.22006, 0.17735499999999998, 0.156915, 0.22523500000000002, 0.204065, 0.22349, 0.28694, 0.178, 0.334965, 0.25633, 0.39356, 0.24333500000000002, 0.23262, 0, 0], [0, 0, 0, 0, 0, 0, 0, 0, 0, 0, 0, 0, 0, 0, 0, 0, 0, 0, 0, 0, 0, 0, 0, 0, 0, 0]]}, "units": {"units": [[54, 55, 56, 57, 58, 59, 60, 61, 62, 63, 64, 65, 66, 67, 68, 69, 70, 71, 72, 73, 74, 75, 76, 77, 78, 79, 80, 81, 82, 83, 84, 85, 86, 87, 88, 89, 90, 91, 92, 93, 94, 95, 96, 97, 98, 99], [100, 101, 102, 103, 104, 105, 106, 107, 108, 109, 110, 111, 112, 113, 114, 115, 116, 117, 118, 119, 120, 121, 122, 123, 124, 125, 126, 127, 128, 129, 130, 131, 132, 133, 134, 135, 136, 137, 138, 139, 140, 141, 142, 143, 144, 145], [146, 147, 148, 149, 150, 151, 152, 153, 154, 155, 156, 157, 158, 159, 160, 161, 162, 163, 164, 165, 166, 167, 168, 169, 170, 171, 172, 173, 174, 175, 176, 177, 178, 179, 180, 181, 182, 183, 184, 185, 186], [187, 188, 189, 190, 191, 192, 193, 194, 195, 196, 197, 198, 199, 200, 201, 202, 203, 204, 205, 206, 207, 208, 209, 210, 211, 212, 213, 214, 215, 216, 217, 218, 219, 220, 221, 222, 223, 224, 225, 226, 227, 228, 229, 230, 231, 232, 233, 234, 235, 236, 237, 238, 239, 240, 241, 242, 243, 244, 245, 246, 247, 248, 249, 250, 251, 252, 253, 254, 255, 256, 257, 258, 259, 260, 261, 262, 263, 264, 265, 266, 267, 268, 269, 270, 271, 272, 273, 274, 275, 276, 277, 278, 279, 280, 281], [282, 283, 284, 285, 286, 287, 288, 289, 290, 291, 292, 293, 294, 295, 296, 297, 298, 299, 300, 301, 302, 303, 304, 305, 306, 307, 308, 309, 310, 311, 312, 313, 314, 315, 316, 317, 318, 319, 320, 321, 322, 323, 324, 325, 326, 327, 328, 329, 330, 331, 332, 333, 334, 335, 336, 337, 338, 339, 340, 341, 342, 343], [344, 345, 346, 347, 348, 349, 350, 351, 352, 353, 354, 355, 356, 357, 358, 359, 360, 361, 362, 363, 364, 365, 366, 367, 368, 369, 370, 371, 372, 373, 374, 375, 376, 377, 378, 379, 380, 381, 382, 383, 384, 385, 386, 387, 388, 389, 390, 391, 392, 393, 394], [395, 396, 397, 398, 399, 400, 401, 402, 403, 404, 405, 406, 407, 408, 409, 410, 411, 412, 413, 414, 415, 416, 417, 418, 419, 420, 421, 422, 423, 424, 425, 426, 427, 428, 429, 430, 431, 432, 433, 434, 435, 436, 437, 438, 439, 440, 441, 442], [439, 440, 441, 442, 443, 444, 445, 446, 447, 448, 449, 450, 451, 452, 453, 454, 455, 456, 457, 458, 459, 460, 461, 462, 463, 464, 465, 466, 467, 468, 469, 470, 471, 472, 473, 474, 475, 476, 477, 478, 479, 480, 481, 482, 483, 484, 485, 486, 487, 488, 489, 490]], "scores": [[0, 0.41053, 0.483305, 0.38631000000000004, 0.473085, 0.514355, 0.495985, 0.44728], [0.41053, 0, 0.44354, 0.43481000000000003, 0.48136, 0.418415, 0.4528, 0.49187499999999995], [0.483305, 0.44354, 0, 0.474495, 0.53036, 0.551585, 0.5838099999999999, 0.5411999999999999], [0.38631000000000004, 0.43481000000000003, 0.474495, 0, 0.44903499999999996, 0.43012000000000006, 0.48074, 0.470245], [0.473085, 0.48136, 0.53036, 0.44903499999999996, 0, 0.45148, 0.5272749999999999, 0.50757], [0.514355, 0.418415, 0.551585, 0.43012000000000006, 0.45148, 0, 0.51617, 0.50293], [0.495985, 0.4528, 0.5838099999999999, 0.48074, 0.5272749999999999, 0.51617, 0, 0.51051], [0.44728, 0.49187499999999995, 0.5411999999999999, 0.470245, 0.50757, 0.50293, 0.51051, 0]]}}