{"exons": {"units": [[1, 2, 3, 4, 5, 6, 7, 8, 9, 10, 11, 12, 13, 14, 15, 16, 17, 18, 19, 20, 21, 22, 23, 24, 25, 26, 27, 28, 29, 30, 31, 32, 33, 34, 35, 36, 37, 38, 39, 40, 41, 42, 43, 44, 45, 46, 47, 48, 49, 50, 51, 52, 53, 54, 55, 56, 57, 58, 59, 60, 61, 62, 63, 64, 65, 66, 67, 68, 69, 70, 71, 72, 73, 74, 75, 76, 77, 78, 79, 80, 81, 82, 83, 84, 85, 86, 87, 88, 89, 90, 91, 92, 93, 94, 95, 96, 97, 98, 99, 100, 101, 102, 103, 104, 105, 106, 107, 108, 109, 110, 111, 112, 113, 114, 115, 116, 117, 118, 119, 120, 121, 122, 123, 124, 125, 126, 127, 128, 129, 130, 131, 132, 133, 134, 135, 136, 137, 138, 139, 140, 141, 142, 143, 144, 145, 146, 147, 148, 149, 150, 151, 152, 153, 154, 155, 156, 157, 158, 159, 160, 161, 162, 163, 164, 165, 166, 167, 168, 169, 170, 171, 172, 173, 174, 175, 176, 177, 178, 179, 180, 181, 182, 183, 184, 185, 186, 187, 188, 189, 190, 191, 192, 193, 194, 195, 196, 197, 198, 199, 200, 201, 202, 203, 204, 205, 206, 207, 208, 209, 210, 211, 212, 213, 214, 215, 216, 217, 218, 219, 220, 221, 222, 223, 224, 225, 226, 227, 228, 229, 230, 231, 232, 233, 234, 235, 236, 237, 238, 239, 240, 241, 242, 243, 244, 245, 246, 247, 248, 249, 250, 251, 252, 253, 254, 255, 256, 257, 258, 259, 260, 261, 262, 263, 264, 265, 266, 267, 268, 269, 270, 271, 272, 273, 274, 275, 276, 277, 278, 279, 280, 281, 282, 283, 284, 285, 286, 287, 288, 289, 290, 291, 292, 293, 294, 295, 296, 297, 298, 299, 300, 301, 302, 303, 304, 305, 306, 307, 308, 309, 310, 311, 312, 313, 314, 315, 316, 317, 318, 319, 320, 321, 322, 323, 324, 325, 326, 327, 328, 329, 330, 331, 332, 333, 334, 335, 336, 337, 338, 339, 340, 341, 342, 343, 344, 345, 346, 347, 348, 349, 350, 351, 352, 353, 354, 355, 356, 357, 358, 359, 360, 361, 362, 363, 364, 365, 366, 367, 368, 369, 370, 371, 372, 373, 374, 375, 376, 377, 378, 379, 380, 381, 382, 383, 384, 385, 386, 387, 388, 389, 390, 391, 392, 393, 394, 395, 396, 397, 398, 399, 400, 401, 402, 403, 404, 405, 406, 407, 408, 409, 410, 411, 412, 413, 414, 415, 416, 417, 418, 419, 420, 421, 422, 423, 424, 425, 426, 427, 428, 429, 430, 431, 432, 433, 434, 435, 436, 437, 438, 439, 440, 441, 442, 443, 444, 445, 446, 447, 448, 449, 450, 451, 452, 453, 454, 455, 456, 457, 458, 459, 460, 461, 462, 463, 464, 465, 466, 467, 468, 469, 470, 471, 472, 473, 474, 475, 476, 477, 478, 479, 480, 481, 482, 483, 484, 485, 486, 487, 488, 489, 490, 491, 492, 493, 494, 495, 496, 497, 498, 499, 500, 501, 502, 503, 504, 505, 506, 507, 508, 509, 510, 511, 512, 513, 514, 515, 516, 517, 518, 519, 520, 521, 522, 523, 524, 525, 526, 527, 528, 529, 530, 531, 532, 533, 534, 535, 536, 537, 538, 539, 540, 541, 542, 543, 544, 545, 546, 547, 548, 549, 550, 551, 552, 553, 554, 555, 556, 557, 558, 559, 560, 561, 562, 563, 564, 565, 566, 567, 568, 569, 570, 571, 572, 573, 574, 575, 576, 577, 578, 579, 580, 581, 582, 583, 584, 585, 586, 587, 588, 589, 590, 591, 592, 593, 594, 595, 596, 597, 598, 599, 600, 601, 602, 603, 604, 605, 606, 607, 608, 609, 610, 611, 612, 613, 614, 615, 616, 617, 618, 619, 620, 621, 622, 623, 624, 625, 626, 627, 628, 629, 630, 631, 632, 633, 634, 635, 636, 637, 638, 639, 640, 641, 642, 643, 644, 645, 646, 647, 648, 649, 650, 651, 652, 653, 654, 655, 656, 657, 658, 659, 660, 661, 662, 663, 664, 665, 666, 667, 668, 669, 670, 671, 672, 673, 674, 675, 676, 677, 678, 679, 680, 681, 682, 683, 684, 685, 686, 687, 688, 689, 690, 691, 692, 693, 694, 695, 696, 697, 698, 699, 700, 701, 702, 703, 704, 705, 706, 707, 708, 709, 710, 711, 712, 713, 714, 715, 716, 717, 718, 719, 720, 721, 722, 723, 724, 725, 726, 727, 728, 729, 730, 731, 732, 733, 734, 735, 736, 737, 738, 739, 740, 741, 742, 743, 744, 745, 746, 747, 748, 749, 750, 751, 752, 753, 754, 755, 756, 757, 758, 759, 760, 761, 762, 763, 764, 765, 766, 767, 768, 769, 770, 771, 772, 773, 774, 775, 776, 777, 778, 779, 780, 781, 782, 783, 784, 785, 786, 787, 788, 789, 790, 791, 792, 793, 794, 795, 796, 797, 798, 799, 800, 801, 802, 803, 804, 805, 806, 807, 808, 809, 810, 811, 812, 813, 814, 815, 816, 817, 818, 819, 820, 821, 822, 823, 824, 825, 826, 827, 828, 829, 830, 831, 832, 833, 834, 835, 836, 837, 838, 839, 840, 841, 842, 843, 844, 845, 846, 847, 848, 849, 850, 851, 852, 853, 854, 855, 856, 857, 858, 859, 860, 861, 862, 863, 864, 865, 866, 867, 868, 869, 870, 871, 872, 873, 874, 875, 876, 877, 878, 879, 880, 881, 882, 883, 884, 885, 886, 887, 888, 889, 890, 891, 892, 893, 894, 895, 896, 897, 898, 899, 900, 901, 902, 903, 904, 905, 906, 907, 908, 909, 910, 911, 912, 913, 914, 915, 916, 917, 918, 919, 920, 921, 922, 923, 924, 925, 926, 927, 928, 929, 930, 931, 932, 933, 934, 935, 936, 937, 938, 939, 940, 941, 942, 943, 944, 945, 946, 947, 948, 949, 950, 951, 952, 953, 954, 955, 956, 957, 958, 959, 960, 961, 962, 963, 964, 965, 966, 967, 968, 969, 970, 971, 972, 973, 974, 975, 976, 977, 978, 979, 980, 981, 982, 983, 984, 985, 986, 987, 988, 989, 990, 991, 992, 993, 994, 995, 996, 997, 998, 999, 1000, 1001, 1002, 1003, 1004, 1005, 1006, 1007, 1008, 1009, 1010, 1011, 1012, 1013, 1014, 1015, 1016, 1017, 1018, 1019, 1020, 1021, 1022, 1023, 1024, 1025, 1026, 1027, 1028, 1029, 1030, 1031, 1032, 1033, 1034, 1035, 1036, 1037, 1038, 1039, 1040, 1041, 1042, 1043, 1044, 1045, 1046, 1047, 1048, 1049, 1050, 1051, 1052, 1053, 1054, 1055, 1056, 1057, 1058, 1059, 1060, 1061, 1062, 1063, 1064, 1065, 1066, 1067, 1068, 1069, 1070, 1071, 1072, 1073, 1074, 1075, 1076, 1077, 1078, 1079, 1080, 1081, 1082, 1083, 1084]], "scores": [[0]]}, "units": {"units": [[47, 48, 49, 50, 51, 52, 53, 54, 55, 56, 64, 65, 66, 67, 68, 69, 70, 71, 72, 73, 74, 75, 76, 77, 78, 79, 80, 81, 82, 83], [84, 85, 86, 87, 88, 89, 90, 91, 92, 93, 94, 95, 96, 97, 98, 99, 100, 101, 102, 103, 104, 105, 106, 107, 108, 109, 110, 111, 112, 113, 114, 115, 116, 117, 118, 119, 120, 121, 122, 123, 124, 125, 126, 127, 128, 129, 130, 131, 132, 133, 134], [135, 136, 137, 138, 139, 140, 141, 142, 143, 144, 145, 146, 147, 148, 149, 150, 151, 152, 153, 154, 155, 156, 157, 158, 159, 160, 161, 162, 163, 164, 165, 166, 167, 168, 169, 170, 171], [172, 173, 174, 175, 176, 177, 178, 179, 180, 181, 182, 183, 184, 185], [186, 187, 188, 189, 190, 191, 192, 193, 194, 195, 196, 197, 198, 199, 200, 201, 202, 203, 204, 205], [206, 207, 208, 209, 210, 211, 212, 213, 214, 215, 216, 217, 218, 219, 220, 221, 222, 223, 224], [225, 226, 227, 228, 229, 230, 231, 232, 233, 234, 235, 236, 237, 238, 239, 240, 241, 242, 243, 244], [245, 246, 247, 248, 249, 250, 251, 252, 253, 254, 255, 256, 257, 258, 259, 260, 261, 262, 263, 264, 271], [272, 273, 274, 275, 276, 277, 278, 279, 280, 281, 282, 283, 284, 285, 286, 287, 288, 289, 290, 291, 292], [293, 294, 295, 296, 297, 298, 299, 300, 301, 302, 303, 304, 305, 306, 307, 308, 309, 310, 311, 312, 313, 314, 315, 316, 317, 318, 319, 320, 321, 322, 323], [324, 325, 326, 327, 328, 329, 330, 331, 332, 333, 334, 335, 336, 337, 338, 339, 340, 341, 342, 343, 344, 345, 346, 347, 348, 349, 350, 351, 352, 353, 354], [355, 356, 357, 358, 359, 360, 361, 362, 363, 364, 365, 366, 367, 368, 369, 370, 371, 372, 373, 374, 375, 376, 414, 415, 416, 417, 418, 419, 420, 421, 422, 423, 424, 425, 426, 427, 428, 429, 430, 431, 432, 433, 434, 435, 436, 437, 438, 439, 440, 441, 442, 443, 444, 445, 446, 447, 448, 449, 450, 451, 452, 453, 454, 455, 456], [457, 458, 459, 460, 461, 462, 463, 464, 465, 466, 467, 468, 469, 470, 471, 472, 473, 474, 475, 476, 477, 478, 479], [480, 481, 482, 483, 484, 485, 486, 487, 488, 489, 490, 491, 492, 493, 494, 495, 496, 497, 498, 499, 500], [501, 502, 503, 504, 505, 506, 507, 508, 509, 510, 511, 512, 513, 514, 515, 516, 517, 518, 519], [520, 521, 522, 523, 524, 525, 526, 527, 528, 529, 530, 531, 532, 533, 534, 535, 536, 537, 538, 539, 540, 541, 542, 543], [544, 545, 546, 547, 548, 549, 550, 551, 552, 553, 554, 555, 556, 557, 558, 559, 560, 561, 562, 563, 564, 565, 566, 567, 568, 569, 570, 571, 572, 573, 574, 575, 576, 577, 578, 579, 580, 581, 582, 583, 584, 585, 586, 587], [588, 589, 590, 591, 592, 593, 594, 595, 596, 597, 598, 599, 600, 601, 602, 603, 604, 605, 606], [607, 608, 609, 610, 611, 612, 613, 614, 615, 616, 617, 618, 619, 620, 621, 622, 623, 624, 625, 626, 627, 628, 629, 630, 631, 632, 633, 634, 635, 636], [637, 638, 639, 640, 641, 642, 643, 644, 645, 646, 647, 648, 649, 650, 651, 652, 653, 654, 655], [656, 657, 658, 659, 660, 661, 662, 663, 664, 665, 666, 667, 668, 669, 670, 671, 672, 673, 674, 675, 676, 677, 678, 679, 680, 681, 682, 683, 684, 685, 686], [687, 688, 689, 690, 691, 692, 693, 694, 695, 696, 697, 698, 699, 700, 701, 702, 703, 704, 705, 706, 707, 708, 709, 710, 711, 712, 713, 714, 715, 716, 717, 718, 719, 720, 721, 722, 723, 724, 725, 726, 727, 728, 729, 730, 731, 732, 733, 734, 735, 736, 737, 738, 739, 740, 741, 742, 743, 744, 745, 746, 747], [748, 749, 750, 751, 752, 753, 754, 755, 756, 757, 758, 759, 760, 761, 762, 763, 764, 765, 766, 767, 768, 769, 770, 771, 772, 773, 774, 775, 776, 777, 778, 779, 780, 781, 782, 783, 784, 785, 786, 787, 788, 789, 790, 791, 792, 793, 794, 795, 796, 797, 798, 799, 800, 801, 802, 803], [804, 805, 806, 807, 808, 809, 810, 811, 812, 813, 814, 815, 816, 817, 818, 819, 820, 821, 822, 823, 824, 825, 826, 827, 828, 829, 830, 831, 832, 833, 834, 835, 836, 837, 838, 839, 840, 841, 842, 843, 844, 845, 846, 847, 848], [849, 850, 851, 852, 853, 854, 855, 856, 857, 858, 859, 860, 861, 862, 863, 864, 865, 866, 867, 868, 869, 870], [871, 872, 873, 874, 875, 876, 877, 878, 879, 880, 881, 882, 883, 884, 885, 886, 887, 888, 889, 890, 891, 892, 893, 894, 895], [896, 897, 898, 899, 900, 901, 902, 903, 904, 905, 906, 907, 908, 909, 910, 911, 912, 913, 914, 915, 916, 917, 918, 919, 920, 921, 922, 923, 924, 925, 926, 927, 928, 929, 930, 931, 932, 933, 934, 935, 936, 937, 938, 939, 940, 941, 942, 943, 944, 945], [946, 947, 948, 949, 950, 951, 952, 953, 954, 955, 956, 957, 958, 959, 960, 961, 962, 963, 964, 965, 966, 967, 968, 969, 970, 985, 986, 987], [988, 989, 990, 991, 992, 993, 994, 995, 996, 997, 998, 999, 1000, 1001, 1002, 1003, 1004, 1005, 1006, 1007], [1008, 1009, 1010, 1011, 1012, 1013, 1014, 1015, 1016, 1017, 1018, 1019, 1020, 1021, 1022], [1023, 1024, 1025, 1026, 1027, 1028, 1029, 1030, 1031, 1032, 1033, 1034, 1035, 1036, 1037, 1038, 1039, 1040, 1041, 1042, 1043, 1044, 1045, 1046], [1047, 1048, 1049, 1050, 1051, 1052, 1053, 1054, 1055, 1056, 1057, 1058, 1059, 1060, 1061, 1062, 1063, 1064, 1065, 1066, 1067], [1068, 1069, 1070, 1071, 1072, 1073, 1074, 1075, 1076, 1077, 1078, 1079, 1080, 1081, 1082, 1083, 1084]], "scores": [[0, 0.42353, 0.44021, 0.369795, 0.39153, 0.4023, 0.35104, 0.351255, 0.410225, 0.441265, 0.43389500000000003, 0.35303, 0.410155, 0.37688, 0.395335, 0.36897, 0.36843000000000004, 0.40041000000000004, 0.32029, 0.41925, 0.378565, 0.36804499999999996, 0.35085999999999995, 0.38227, 0.399165, 0.37661999999999995, 0.39905999999999997, 0.37016000000000004, 0.406075, 0.43710499999999997, 0.38026000000000004, 0.37297, 0.22541], [0.42353, 0, 0.50112, 0.28758, 0.47255, 0.41356, 0.28424499999999997, 0.38087499999999996, 0.49364, 0.43484, 0.50392, 0.466075, 0.50588, 0.45935000000000004, 0.460285, 0.5109049999999999, 0.59868, 0.43832499999999996, 0.306845, 0.523365, 0.39375499999999997, 0.5522849999999999, 0.531335, 0.5825499999999999, 0.467185, 0.42396999999999996, 0.56534, 0.45266999999999996, 0.42742, 0.41874, 0.477835, 0.42334, 0.25265499999999996], [0.44021, 0.50112, 0, 0.33249, 0.517525, 0.5197849999999999, 0.33796000000000004, 0.410385, 0.50607, 0.58307, 0.52381, 0.39798500000000003, 0.54528, 0.45092, 0.40986500000000003, 0.48471000000000003, 0.51999, 0.521775, 0.28892, 0.527045, 0.43838, 0.44488, 0.425205, 0.456855, 0.46623499999999996, 0.57531, 0.42906500000000003, 0.51058, 0.5167849999999999, 0.509415, 0.45507, 0.494305, 0.201625], [0.369795, 0.28758, 0.33249, 0, 0.343765, 0.410145, 0.33330000000000004, 0.38521, 0.349475, 0.34529, 0.33931, 0.322115, 0.350645, 0.35174, 0.32235, 0.422235, 0.33239, 0.37428, 0.346735, 0.384825, 0.347845, 0.311615, 0.35097, 0.35808, 0.342245, 0.381365, 0.312355, 0.363555, 0.34526999999999997, 0.37675499999999995, 0.35335, 0.3143, 0.298265], [0.39153, 0.47255, 0.517525, 0.343765, 0, 0.5562199999999999, 0.36499, 0.39078, 0.585865, 0.5747599999999999, 0.495, 0.43169, 0.700705, 0.54488, 0.538655, 0.5822849999999999, 0.479005, 0.638555, 0.358985, 0.55412, 0.466125, 0.44581000000000004, 0.48961, 0.4043, 0.561555, 0.5533049999999999, 0.48105, 0.5613250000000001, 0.6497, 0.6590400000000001, 0.61234, 0.5874900000000001, 0.23377], [0.4023, 0.41356, 0.5197849999999999, 0.410145, 0.5562199999999999, 0, 0.34393, 0.5194300000000001, 0.5773349999999999, 0.5252950000000001, 0.53851, 0.38419000000000003, 0.65083, 0.549365, 0.48316, 0.616735, 0.49407500000000004, 0.5829, 0.42886, 0.5716, 0.50932, 0.43179500000000004, 0.418195, 0.40086999999999995, 0.5374049999999999, 0.552245, 0.491605, 0.568225, 0.6003350000000001, 0.5496, 0.57856, 0.616525, 0.24176999999999998], [0.35104, 0.28424499999999997, 0.33796000000000004, 0.33330000000000004, 0.36499, 0.34393, 0, 0.32133500000000004, 0.32389, 0.33574499999999996, 0.319525, 0.294915, 0.37543499999999996, 0.35091, 0.33933, 0.37171, 0.31793499999999997, 0.33713499999999996, 0.24836, 0.28338, 0.338585, 0.27110500000000004, 0.279405, 0.30057500000000004, 0.35908, 0.372975, 0.29194, 0.310125, 0.3626, 0.41352500000000003, 0.342675, 0.34740000000000004, 0.22070499999999998], [0.351255, 0.38087499999999996, 0.410385, 0.38521, 0.39078, 0.5194300000000001, 0.32133500000000004, 0, 0.45375, 0.44799, 0.444015, 0.33452, 0.427335, 0.4591, 0.433735, 0.458635, 0.44984999999999997, 0.477265, 0.327325, 0.502875, 0.46996499999999997, 0.40997, 0.322515, 0.33869000000000005, 0.36676, 0.43357500000000004, 0.36568999999999996, 0.46508499999999997, 0.410215, 0.48419, 0.40832500000000005, 0.49803, 0.26483500000000004], [0.410225, 0.49364, 0.50607, 0.349475, 0.585865, 0.5773349999999999, 0.32389, 0.45375, 0, 0.55855, 0.45514, 0.410185, 0.61022, 0.56577, 0.566645, 0.58867, 0.440335, 0.5655749999999999, 0.3318, 0.434925, 0.46062000000000003, 0.42676000000000003, 0.481555, 0.390345, 0.56469, 0.4877, 0.484115, 0.5485599999999999, 0.53303, 0.5930599999999999, 0.561605, 0.53515, 0.22234500000000001], [0.441265, 0.43484, 0.58307, 0.34529, 0.5747599999999999, 0.5252950000000001, 0.33574499999999996, 0.44799, 0.55855, 0, 0.5174, 0.40814, 0.577245, 0.5094449999999999, 0.45844, 0.53476, 0.536375, 0.5759700000000001, 0.314435, 0.547145, 0.48082, 0.44909, 0.446445, 0.328075, 0.49183, 0.625615, 0.45377, 0.50179, 0.5738449999999999, 0.554605, 0.55355, 0.565625, 0.23832], [0.43389500000000003, 0.50392, 0.52381, 0.33931, 0.495, 0.53851, 0.319525, 0.444015, 0.45514, 0.5174, 0, 0.42313, 0.550905, 0.474385, 0.44850500000000004, 0.50973, 0.5258499999999999, 0.57865, 0.26122999999999996, 0.55738, 0.45353, 0.528745, 0.42673000000000005, 0.41398999999999997, 0.442025, 0.47431999999999996, 0.477945, 0.543975, 0.46623000000000003, 0.432965, 0.458195, 0.564585, 0.22766999999999998], [0.35303, 0.466075, 0.39798500000000003, 0.322115, 0.43169, 0.38419000000000003, 0.294915, 0.33452, 0.410185, 0.40814, 0.42313, 0, 0.48407500000000003, 0.380745, 0.345355, 0.53678, 0.46321, 0.438285, 0.25912999999999997, 0.37861500000000003, 0.4333, 0.5104500000000001, 0.42074, 0.496025, 0.418675, 0.38354, 0.61915, 0.40003, 0.400485, 0.3833, 0.44065, 0.376095, 0.21532], [0.410155, 0.50588, 0.54528, 0.350645, 0.700705, 0.65083, 0.37543499999999996, 0.427335, 0.61022, 0.577245, 0.550905, 0.48407500000000003, 0, 0.60694, 0.49957, 0.68753, 0.49592499999999995, 0.647165, 0.33923000000000003, 0.535555, 0.494705, 0.515315, 0.527555, 0.410275, 0.609405, 0.555275, 0.525765, 0.5548, 0.62087, 0.6047, 0.5905750000000001, 0.586985, 0.232695], [0.37688, 0.45935000000000004, 0.45092, 0.35174, 0.54488, 0.549365, 0.35091, 0.4591, 0.56577, 0.5094449999999999, 0.474385, 0.380745, 0.60694, 0, 0.528755, 0.619405, 0.47487, 0.5171749999999999, 0.34385, 0.513935, 0.461515, 0.45923, 0.41918500000000003, 0.3709, 0.476105, 0.469295, 0.46094999999999997, 0.49965, 0.483655, 0.463605, 0.530435, 0.54633, 0.23348000000000002], [0.395335, 0.460285, 0.40986500000000003, 0.32235, 0.538655, 0.48316, 0.33933, 0.433735, 0.566645, 0.45844, 0.44850500000000004, 0.345355, 0.49957, 0.528755, 0, 0.516765, 0.449625, 0.59375, 0.37633000000000005, 0.40593, 0.5001599999999999, 0.44702, 0.409555, 0.39885000000000004, 0.55757, 0.47948500000000005, 0.426835, 0.529765, 0.50239, 0.5939, 0.574185, 0.47075, 0.22912], [0.36897, 0.5109049999999999, 0.48471000000000003, 0.422235, 0.5822849999999999, 0.616735, 0.37171, 0.458635, 0.58867, 0.53476, 0.50973, 0.53678, 0.68753, 0.619405, 0.516765, 0, 0.593035, 0.63984, 0.31867999999999996, 0.57908, 0.53586, 0.51904, 0.5131600000000001, 0.37116, 0.6284449999999999, 0.53078, 0.513055, 0.562165, 0.5301450000000001, 0.54148, 0.58497, 0.5805199999999999, 0.246715], [0.36843000000000004, 0.59868, 0.51999, 0.33239, 0.479005, 0.49407500000000004, 0.31793499999999997, 0.44984999999999997, 0.440335, 0.536375, 0.5258499999999999, 0.46321, 0.49592499999999995, 0.47487, 0.449625, 0.593035, 0, 0.49575, 0.320255, 0.47560500000000006, 0.46951, 0.5523199999999999, 0.46411, 0.6163099999999999, 0.52596, 0.472345, 0.559955, 0.44805, 0.45177999999999996, 0.505205, 0.537745, 0.481095, 0.22908], [0.40041000000000004, 0.43832499999999996, 0.521775, 0.37428, 0.638555, 0.5829, 0.33713499999999996, 0.477265, 0.5655749999999999, 0.5759700000000001, 0.57865, 0.438285, 0.647165, 0.5171749999999999, 0.59375, 0.63984, 0.49575, 0, 0.354625, 0.52218, 0.50849, 0.50771, 0.46748, 0.391865, 0.5847150000000001, 0.590705, 0.506385, 0.5803149999999999, 0.63609, 0.6220399999999999, 0.63279, 0.579365, 0.235695], [0.32029, 0.306845, 0.28892, 0.346735, 0.358985, 0.42886, 0.24836, 0.327325, 0.3318, 0.314435, 0.26122999999999996, 0.25912999999999997, 0.33923000000000003, 0.34385, 0.37633000000000005, 0.31867999999999996, 0.320255, 0.354625, 0, 0.33555, 0.4538, 0.312245, 0.30974, 0.30389, 0.319245, 0.31088499999999997, 0.30752500000000005, 0.267825, 0.38119499999999995, 0.447635, 0.358745, 0.26596, 0.234675], [0.41925, 0.523365, 0.527045, 0.384825, 0.55412, 0.5716, 0.28338, 0.502875, 0.434925, 0.547145, 0.55738, 0.37861500000000003, 0.535555, 0.513935, 0.40593, 0.57908, 0.47560500000000006, 0.52218, 0.33555, 0, 0.45445, 0.44098000000000004, 0.44488500000000003, 0.40747500000000003, 0.448715, 0.63072, 0.43184500000000003, 0.55386, 0.520025, 0.47308, 0.44527, 0.56802, 0.26777], [0.378565, 0.39375499999999997, 0.43838, 0.347845, 0.466125, 0.50932, 0.338585, 0.46996499999999997, 0.46062000000000003, 0.48082, 0.45353, 0.4333, 0.494705, 0.461515, 0.5001599999999999, 0.53586, 0.46951, 0.50849, 0.4538, 0.45445, 0, 0.51153, 0.430695, 0.4188, 0.523605, 0.46742, 0.47746500000000003, 0.4769, 0.49673500000000004, 0.57152, 0.56732, 0.457465, 0.19589499999999999], [0.36804499999999996, 0.5522849999999999, 0.44488, 0.311615, 0.44581000000000004, 0.43179500000000004, 0.27110500000000004, 0.40997, 0.42676000000000003, 0.44909, 0.528745, 0.5104500000000001, 0.515315, 0.45923, 0.44702, 0.51904, 0.5523199999999999, 0.50771, 0.312245, 0.44098000000000004, 0.51153, 0, 0.64164, 0.55864, 0.429255, 0.44622, 0.539165, 0.45176499999999997, 0.43527499999999997, 0.468925, 0.46995, 0.46353, 0.24627500000000002], [0.35085999999999995, 0.531335, 0.425205, 0.35097, 0.48961, 0.418195, 0.279405, 0.322515, 0.481555, 0.446445, 0.42673000000000005, 0.42074, 0.527555, 0.41918500000000003, 0.409555, 0.5131600000000001, 0.46411, 0.46748, 0.30974, 0.44488500000000003, 0.430695, 0.64164, 0, 0.5488649999999999, 0.43675, 0.43592, 0.531575, 0.45831, 0.45198, 0.44137499999999996, 0.4325, 0.45838, 0.222165], [0.38227, 0.5825499999999999, 0.456855, 0.35808, 0.4043, 0.40086999999999995, 0.30057500000000004, 0.33869000000000005, 0.390345, 0.328075, 0.41398999999999997, 0.496025, 0.410275, 0.3709, 0.39885000000000004, 0.37116, 0.6163099999999999, 0.391865, 0.30389, 0.40747500000000003, 0.4188, 0.55864, 0.5488649999999999, 0, 0.41239, 0.397335, 0.555345, 0.39231499999999997, 0.4419, 0.45891000000000004, 0.40420500000000004, 0.379755, 0.21919], [0.399165, 0.467185, 0.46623499999999996, 0.342245, 0.561555, 0.5374049999999999, 0.35908, 0.36676, 0.56469, 0.49183, 0.442025, 0.418675, 0.609405, 0.476105, 0.55757, 0.6284449999999999, 0.52596, 0.5847150000000001, 0.319245, 0.448715, 0.523605, 0.429255, 0.43675, 0.41239, 0, 0.48955499999999996, 0.44557, 0.52609, 0.54384, 0.569075, 0.54417, 0.512885, 0.1995], [0.37661999999999995, 0.42396999999999996, 0.57531, 0.381365, 0.5533049999999999, 0.552245, 0.372975, 0.43357500000000004, 0.4877, 0.625615, 0.47431999999999996, 0.38354, 0.555275, 0.469295, 0.47948500000000005, 0.53078, 0.472345, 0.590705, 0.31088499999999997, 0.63072, 0.46742, 0.44622, 0.43592, 0.397335, 0.48955499999999996, 0, 0.43671000000000004, 0.528985, 0.504285, 0.50776, 0.49812500000000004, 0.533145, 0.26171], [0.39905999999999997, 0.56534, 0.42906500000000003, 0.312355, 0.48105, 0.491605, 0.29194, 0.36568999999999996, 0.484115, 0.45377, 0.477945, 0.61915, 0.525765, 0.46094999999999997, 0.426835, 0.513055, 0.559955, 0.506385, 0.30752500000000005, 0.43184500000000003, 0.47746500000000003, 0.539165, 0.531575, 0.555345, 0.44557, 0.43671000000000004, 0, 0.45643, 0.49013, 0.48245, 0.468155, 0.511345, 0.206685], [0.37016000000000004, 0.45266999999999996, 0.51058, 0.363555, 0.5613250000000001, 0.568225, 0.310125, 0.46508499999999997, 0.5485599999999999, 0.50179, 0.543975, 0.40003, 0.5548, 0.49965, 0.529765, 0.562165, 0.44805, 0.5803149999999999, 0.267825, 0.55386, 0.4769, 0.45176499999999997, 0.45831, 0.39231499999999997, 0.52609, 0.528985, 0.45643, 0, 0.502695, 0.54487, 0.54401, 0.540655, 0.27426], [0.406075, 0.42742, 0.5167849999999999, 0.34526999999999997, 0.6497, 0.6003350000000001, 0.3626, 0.410215, 0.53303, 0.5738449999999999, 0.46623000000000003, 0.400485, 0.62087, 0.483655, 0.50239, 0.5301450000000001, 0.45177999999999996, 0.63609, 0.38119499999999995, 0.520025, 0.49673500000000004, 0.43527499999999997, 0.45198, 0.4419, 0.54384, 0.504285, 0.49013, 0.502695, 0, 0.64266, 0.544625, 0.58823, 0.21778], [0.43710499999999997, 0.41874, 0.509415, 0.37675499999999995, 0.6590400000000001, 0.5496, 0.41352500000000003, 0.48419, 0.5930599999999999, 0.554605, 0.432965, 0.3833, 0.6047, 0.463605, 0.5939, 0.54148, 0.505205, 0.6220399999999999, 0.447635, 0.47308, 0.57152, 0.468925, 0.44137499999999996, 0.45891000000000004, 0.569075, 0.50776, 0.48245, 0.54487, 0.64266, 0, 0.587385, 0.535635, 0.247915], [0.38026000000000004, 0.477835, 0.45507, 0.35335, 0.61234, 0.57856, 0.342675, 0.40832500000000005, 0.561605, 0.55355, 0.458195, 0.44065, 0.5905750000000001, 0.530435, 0.574185, 0.58497, 0.537745, 0.63279, 0.358745, 0.44527, 0.56732, 0.46995, 0.4325, 0.40420500000000004, 0.54417, 0.49812500000000004, 0.468155, 0.54401, 0.544625, 0.587385, 0, 0.485205, 0.277105], [0.37297, 0.42334, 0.494305, 0.3143, 0.5874900000000001, 0.616525, 0.34740000000000004, 0.49803, 0.53515, 0.565625, 0.564585, 0.376095, 0.586985, 0.54633, 0.47075, 0.5805199999999999, 0.481095, 0.579365, 0.26596, 0.56802, 0.457465, 0.46353, 0.45838, 0.379755, 0.512885, 0.533145, 0.511345, 0.540655, 0.58823, 0.535635, 0.485205, 0, 0.216995], [0.22541, 0.25265499999999996, 0.201625, 0.298265, 0.23377, 0.24176999999999998, 0.22070499999999998, 0.26483500000000004, 0.22234500000000001, 0.23832, 0.22766999999999998, 0.21532, 0.232695, 0.23348000000000002, 0.22912, 0.246715, 0.22908, 0.235695, 0.234675, 0.26777, 0.19589499999999999, 0.24627500000000002, 0.222165, 0.21919, 0.1995, 0.26171, 0.206685, 0.27426, 0.21778, 0.247915, 0.277105, 0.216995, 0]]}}