{"exons": {"units": [[1, 2, 3, 4, 5, 6, 7, 8, 9, 10, 11, 12, 13, 14, 15, 16, 17, 18, 19, 20, 21, 22, 23, 24, 25, 26], [27, 28, 29, 30, 31, 32, 33, 34, 35, 36, 37, 38, 39, 40, 41, 42, 43, 44, 45, 46, 47, 48, 49, 50, 51, 52, 53, 54, 55, 56, 57], [57, 58, 59, 60, 61, 62, 63, 64, 65, 66, 67, 68, 69, 70, 71, 72, 73, 74, 75, 76, 77, 78, 79, 80, 81, 82, 83, 84, 85, 86, 87, 88, 89, 90], [91, 92, 93, 94, 95, 96, 97, 98, 99, 100, 101, 102, 103, 104, 105, 106, 107, 108, 109, 110, 111, 112, 113, 114, 115, 116, 117, 118, 119, 120, 121, 122, 123, 124, 125, 126, 127, 128, 129, 130, 131, 132, 133, 134, 135, 136, 137, 138, 139, 140, 141, 142, 143, 144, 145, 146, 147, 148, 149, 150, 151, 152, 153, 154, 155, 156, 157, 158, 159, 160, 161, 162, 163, 164, 165, 166, 167, 168], [168, 169, 170, 171, 172, 173, 174, 175, 176, 177, 178, 179, 180, 181, 182, 183, 184, 185, 186, 187, 188, 189, 190, 191, 192, 193, 194, 195, 196, 197, 198, 199, 200, 201, 202, 203, 204, 205, 206, 207, 208, 209, 210, 211, 212, 213, 214, 215, 216, 217], [218, 219, 220, 221, 222, 223, 224, 225, 226, 227, 228, 229, 230, 231, 232, 233, 234, 235, 236, 237, 238, 239, 240, 241, 242, 243, 244, 245, 246, 247, 248, 249, 250, 251, 252, 253, 254, 255, 256, 257, 258, 259, 260, 261, 262, 263, 264, 265, 266, 267, 268, 269], [270, 271, 272, 273, 274, 275, 276, 277, 278, 279, 280, 281, 282, 283, 284, 285, 286, 287, 288, 289, 290, 291, 292, 293, 294, 295, 296, 297, 298, 299, 300, 301, 302, 303, 304, 305, 306, 307, 308], [308, 309, 310, 311, 312, 313, 314, 315, 316, 317, 318, 319, 320, 321, 322, 323, 324, 325, 326, 327, 328, 329, 330, 331], [332, 333, 334, 335, 336, 337, 338, 339, 340, 341, 342, 343, 344, 345, 346, 347, 348, 349, 350, 351, 352, 353, 354, 355, 356, 357, 358, 359, 360, 361, 362, 363, 364, 365, 366, 367, 368, 369, 370, 371, 372, 373, 374, 375, 376], [377, 378, 379, 380, 381, 382, 383, 384, 385, 386, 387, 388, 389, 390, 391, 392, 393, 394, 395, 396, 397, 398, 399, 400, 401, 402, 403, 404, 405, 406, 407, 408, 409, 410, 411, 412, 413, 414, 415, 416, 417, 418, 419, 420, 421, 422, 423, 424, 425, 426, 427, 428, 429, 430, 431, 432, 433, 434], [435, 436, 437, 438, 439, 440, 441, 442, 443, 444, 445, 446, 447, 448, 449, 450, 451, 452, 453, 454, 455], [455, 456, 457, 458, 459, 460, 461, 462, 463, 464, 465, 466, 467, 468, 469, 470, 471, 472, 473, 474, 475, 476, 477, 478, 479, 480, 481, 482, 483, 484, 485, 486, 487, 488, 489, 490, 491, 492, 493, 494, 495, 496, 497, 498, 499, 500, 501, 502, 503, 504, 505, 506], [507, 508, 509, 510, 511, 512, 513, 514, 515, 516, 517, 518, 519, 520, 521, 522, 523, 524, 525, 526, 527, 528, 529, 530, 531, 532, 533, 534, 535, 536, 537, 538, 539, 540, 541, 542, 543, 544, 545, 546, 547, 548, 549, 550, 551, 552, 553, 554], [554, 555, 556, 557, 558, 559, 560, 561, 562, 563, 564, 565, 566, 567, 568, 569, 570, 571, 572, 573, 574, 575, 576, 577, 578, 579, 580, 581, 582, 583, 584, 585], [585, 586, 587, 588, 589]], "scores": [[0, 0, 0, 0, 0, 0, 0, 0, 0, 0, 0, 0, 0, 0, 0], [0, 0, 0.406, 0.371865, 0.43319, 0.415325, 0.401755, 0.39182, 0.47317, 0.417235, 0.27494, 0.51234, 0.374085, 0.34321500000000005, 0.25831], [0, 0.406, 0, 0.435775, 0.47244, 0.447495, 0.468985, 0.26813, 0.54113, 0.41573499999999997, 0.26863000000000004, 0.489815, 0.40549999999999997, 0.386005, 0.33608], [0, 0.371865, 0.435775, 0, 0.542685, 0.55958, 0.51658, 0.281985, 0.507775, 0.5666899999999999, 0.238325, 0.57019, 0.585485, 0.4269, 0.324125], [0, 0.43319, 0.47244, 0.542685, 0, 0.646865, 0.47413, 0.31279, 0.76825, 0.516885, 0.3085, 0.464415, 0.509705, 0.43074, 0.29601500000000003], [0, 0.415325, 0.447495, 0.55958, 0.646865, 0, 0.583315, 0.32779, 0.618725, 0.664175, 0.316785, 0.53046, 0.502955, 0.43386, 0.356385], [0, 0.401755, 0.468985, 0.51658, 0.47413, 0.583315, 0, 0.366965, 0.44867, 0.60905, 0.35025, 0.51911, 0.611235, 0.55237, 0.298425], [0, 0.39182, 0.26813, 0.281985, 0.31279, 0.32779, 0.366965, 0, 0.30006, 0.29651000000000005, 0.24631999999999998, 0.352565, 0.43877499999999997, 0.32558, 0.257295], [0, 0.47317, 0.54113, 0.507775, 0.76825, 0.618725, 0.44867, 0.30006, 0, 0.555295, 0.33579499999999995, 0.48877, 0.523955, 0.43274, 0.35623000000000005], [0, 0.417235, 0.41573499999999997, 0.5666899999999999, 0.516885, 0.664175, 0.60905, 0.29651000000000005, 0.555295, 0, 0.32394, 0.6004499999999999, 0.673125, 0.514975, 0.32851], [0, 0.27494, 0.26863000000000004, 0.238325, 0.3085, 0.316785, 0.35025, 0.24631999999999998, 0.33579499999999995, 0.32394, 0, 0.30451, 0.309535, 0.35128000000000004, 0.22638999999999998], [0, 0.51234, 0.489815, 0.57019, 0.464415, 0.53046, 0.51911, 0.352565, 0.48877, 0.6004499999999999, 0.30451, 0, 0.6419950000000001, 0.5567850000000001, 0.32515499999999997], [0, 0.374085, 0.40549999999999997, 0.585485, 0.509705, 0.502955, 0.611235, 0.43877499999999997, 0.523955, 0.673125, 0.309535, 0.6419950000000001, 0, 0.6879, 0.314635], [0, 0.34321500000000005, 0.386005, 0.4269, 0.43074, 0.43386, 0.55237, 0.32558, 0.43274, 0.514975, 0.35128000000000004, 0.5567850000000001, 0.6879, 0, 0.32203000000000004], [0, 0.25831, 0.33608, 0.324125, 0.29601500000000003, 0.356385, 0.298425, 0.257295, 0.35623000000000005, 0.32851, 0.22638999999999998, 0.32515499999999997, 0.314635, 0.32203000000000004, 0]]}, "units": {"units": [[46, 47, 48, 49, 50, 51, 52, 53, 54, 55, 56, 57, 58, 59, 60, 61, 62, 63, 64, 65, 66, 67, 68, 69, 70, 71, 72, 73, 74, 75, 76, 77, 78, 79, 80, 81, 82], [83, 84, 85, 86, 87, 88, 89, 90, 91, 92, 93, 94, 95, 96, 97, 98, 99, 100, 101, 102, 103, 104, 105, 106, 107, 108, 109, 110, 111, 112, 113, 114, 115, 116, 117, 118], [119, 120, 121, 122, 123, 124, 125, 126, 127, 128, 129, 130, 131, 132, 133, 134, 135, 136, 137, 138, 139, 140, 141, 142, 143, 144, 145, 146, 147, 148, 149, 150, 151, 152, 153, 154, 155, 156, 157, 158], [159, 160, 161, 162, 163, 164, 165, 166, 167, 168, 169, 170, 171, 172, 173, 174, 175, 176, 177, 178, 179, 180, 181, 182, 183, 184, 185, 186, 187, 188, 189, 190, 191, 192, 193, 194, 195], [196, 197, 198, 199, 200, 201, 202, 203, 204, 205, 206, 207, 208, 209, 210, 211, 212, 213, 214, 215, 216, 217, 218, 219, 220, 221, 222, 223, 224, 225, 226, 227, 228, 229, 230, 231, 232, 233, 234, 235], [236, 237, 238, 239, 240, 241, 242, 243, 244, 245, 246, 247, 248, 249, 250, 251, 252, 253, 254, 255, 256, 257, 258, 259, 260, 261, 262, 263, 264, 265, 266, 267, 268, 269, 270, 271, 272, 273], [274, 275, 276, 277, 278, 279, 280, 281, 282, 283, 284, 285, 286, 287, 288, 289, 290, 291, 292, 293, 294, 295, 296, 297, 298, 299, 300, 301, 302, 303, 304, 305, 306, 307, 308, 309, 310, 311, 312, 313], [314, 315, 316, 317, 318, 319, 320, 321, 322, 323, 324, 325, 326, 327, 328, 329, 330, 331, 332, 333, 334, 335, 336, 337, 338, 339, 340, 341, 342, 343, 344, 345, 346, 347, 348, 349, 350, 351, 352, 353, 354, 355], [356, 357, 358, 359, 360, 361, 362, 363, 364, 365, 366, 367, 368, 369, 370, 371, 372, 373, 374, 375, 376, 377, 378, 379, 380, 381, 382, 383, 384, 385, 386, 387, 388, 389, 390, 391, 392, 393, 394], [395, 396, 397, 398, 399, 400, 401, 402, 403, 404, 405, 406, 407, 408, 409, 410, 411, 412, 413, 414, 415, 416, 417, 418, 419, 420, 421, 422, 423, 424, 425, 426, 427, 428, 429, 430, 431, 432, 433], [434, 435, 436, 437, 438, 439, 440, 441, 442, 443, 444, 445, 446, 447, 448, 449, 450, 451, 452, 453, 454, 455, 456, 457, 458, 459, 460, 461, 462, 463, 464, 465, 466, 467, 468, 469, 470, 471, 472], [473, 474, 475, 476, 477, 478, 479, 480, 481, 482, 483, 484, 485, 486, 487, 488, 489, 490, 491, 492, 493, 494, 495, 496, 497, 498, 499, 500, 501, 502, 503, 504, 505, 506, 507, 508, 509, 510, 511], [512, 513, 514, 515, 516, 517, 518, 519, 520, 521, 522, 523, 524, 525, 526, 527, 528, 529, 530, 531, 532, 533, 534, 535, 536, 537, 538, 539, 540, 541, 542, 543, 544, 545, 546, 547, 548, 549, 550], [551, 552, 553, 554, 555, 556, 557, 558, 559, 560, 561, 562, 563, 564, 565, 566, 567, 568, 569, 570, 571, 572, 573, 574, 575, 576, 577, 578, 579, 580, 581, 582, 583, 584, 585]], "scores": [[0, 0.483145, 0.42273499999999997, 0.51273, 0.54496, 0.44962, 0.568435, 0.558565, 0.5530649999999999, 0.56583, 0.554465, 0.46246, 0.52363, 0.451165], [0.483145, 0, 0.5156499999999999, 0.57657, 0.63844, 0.526465, 0.608665, 0.58902, 0.615815, 0.62756, 0.58785, 0.63968, 0.6855150000000001, 0.6717150000000001], [0.42273499999999997, 0.5156499999999999, 0, 0.55053, 0.74585, 0.5987549999999999, 0.61397, 0.597715, 0.6382300000000001, 0.5766100000000001, 0.548505, 0.612895, 0.61933, 0.5850949999999999], [0.51273, 0.57657, 0.55053, 0, 0.692315, 0.7003349999999999, 0.7730600000000001, 0.63703, 0.64108, 0.66749, 0.639555, 0.539185, 0.585485, 0.513895], [0.54496, 0.63844, 0.74585, 0.692315, 0, 0.60569, 0.74638, 0.69138, 0.7418549999999999, 0.6792499999999999, 0.6277699999999999, 0.6625650000000001, 0.7070700000000001, 0.6227050000000001], [0.44962, 0.526465, 0.5987549999999999, 0.7003349999999999, 0.60569, 0, 0.649875, 0.609445, 0.63106, 0.641885, 0.627005, 0.5337099999999999, 0.5303249999999999, 0.48302], [0.568435, 0.608665, 0.61397, 0.7730600000000001, 0.74638, 0.649875, 0, 0.73053, 0.730445, 0.6996899999999999, 0.6824600000000001, 0.60331, 0.65395, 0.582395], [0.558565, 0.58902, 0.597715, 0.63703, 0.69138, 0.609445, 0.73053, 0, 0.769065, 0.70248, 0.624295, 0.62512, 0.68648, 0.605355], [0.5530649999999999, 0.615815, 0.6382300000000001, 0.64108, 0.7418549999999999, 0.63106, 0.730445, 0.769065, 0, 0.69318, 0.68332, 0.63859, 0.68386, 0.599635], [0.56583, 0.62756, 0.5766100000000001, 0.66749, 0.6792499999999999, 0.641885, 0.6996899999999999, 0.70248, 0.69318, 0, 0.70339, 0.61148, 0.69813, 0.61618], [0.554465, 0.58785, 0.548505, 0.639555, 0.6277699999999999, 0.627005, 0.6824600000000001, 0.624295, 0.68332, 0.70339, 0, 0.67159, 0.69234, 0.617885], [0.46246, 0.63968, 0.612895, 0.539185, 0.6625650000000001, 0.5337099999999999, 0.60331, 0.62512, 0.63859, 0.61148, 0.67159, 0, 0.77853, 0.660015], [0.52363, 0.6855150000000001, 0.61933, 0.585485, 0.7070700000000001, 0.5303249999999999, 0.65395, 0.68648, 0.68386, 0.69813, 0.69234, 0.77853, 0, 0.7674749999999999], [0.451165, 0.6717150000000001, 0.5850949999999999, 0.513895, 0.6227050000000001, 0.48302, 0.582395, 0.605355, 0.599635, 0.61618, 0.617885, 0.660015, 0.7674749999999999, 0]]}}