{"exons": {"units": [[1, 2, 3, 4, 5, 6, 7, 8, 9], [10, 11, 12, 13, 14, 15, 16, 17, 18, 19, 20, 21, 22, 23, 24, 25, 26, 27, 28, 29, 30, 31, 32, 33, 34, 35], [35, 36, 37, 38, 39, 40, 41, 42, 43, 44, 45, 46, 47, 48, 49, 50, 51, 52, 53, 54, 55, 56, 57, 58, 59, 60, 61, 62, 63, 64, 65, 66, 67, 68, 69, 70, 71, 72, 73, 74, 75, 76, 77, 78, 79, 80, 81, 82, 83, 84], [84, 85, 86, 87, 88, 89, 90, 91, 92, 93, 94, 95, 96, 97, 98, 99, 100, 101, 102, 103, 104, 105, 106, 107, 108, 109, 110, 111, 112, 113, 114, 115, 116, 117, 118, 119, 120, 121, 122, 123, 124, 125, 126], [126, 127, 128, 129, 130, 131, 132, 133, 134, 135, 136, 137, 138, 139, 140, 141, 142, 143, 144, 145, 146, 147, 148, 149, 150, 151, 152, 153, 154, 155, 156, 157, 158, 159], [159, 160, 161, 162, 163, 164, 165, 166, 167, 168, 169, 170, 171, 172, 173, 174, 175, 176, 177, 178, 179, 180, 181, 182, 183, 184, 185, 186, 187, 188, 189, 190, 191, 192, 193, 194, 195, 196, 197, 198, 199, 200, 201, 202, 203, 204, 205, 206, 207, 208, 209, 210], [211, 212, 213, 214, 215, 216, 217, 218, 219, 220, 221, 222, 223, 224, 225, 226, 227, 228, 229, 230, 231, 232, 233, 234, 235, 236, 237, 238, 239, 240, 241, 242, 243, 244, 245, 246, 247, 248, 249, 250, 251, 252, 253, 254, 255, 256, 257, 258, 259, 260, 261, 262, 263, 264, 265, 266, 267, 268, 269, 270, 271, 272, 273, 274, 275, 276, 277, 278, 279, 280, 281], [281, 282, 283, 284, 285, 286, 287, 288, 289, 290, 291, 292, 293, 294, 295, 296, 297, 298, 299, 300, 301, 302, 303, 304, 305, 306, 307, 308, 309, 310, 311, 312, 313, 314, 315, 316, 317, 318, 319], [320, 321, 322, 323, 324, 325, 326, 327, 328, 329, 330, 331, 332, 333, 334, 335, 336, 337, 338, 339, 340, 341, 342, 343, 344, 345, 346, 347, 348, 349, 350, 351, 352, 353, 354, 355, 356, 357], [357, 358, 359, 360, 361, 362, 363, 364, 365, 366, 367, 368, 369, 370, 371, 372, 373, 374, 375, 376, 377, 378, 379, 380, 381, 382, 383, 384, 385, 386, 387, 388, 389, 390], [391, 392, 393, 394, 395, 396, 397, 398, 399, 400, 401, 402, 403, 404, 405, 406, 407, 408, 409, 410, 411, 412, 413, 414, 415, 416, 417, 418, 419, 420, 421, 422, 423, 424, 425, 426, 427, 428, 429, 430, 431, 432, 433, 434, 435, 436, 437, 438, 439, 440, 441, 442, 443, 444, 445, 446, 447, 448, 449, 450, 451, 452, 453, 454, 455, 456, 457, 458, 459, 460], [460, 461, 462, 463, 464, 465, 466, 467, 468, 469, 470, 471, 472, 473, 474, 475, 476, 477, 478, 479, 480, 481, 482, 483, 484, 485, 486, 487, 488, 489, 490, 491, 492, 493, 494, 495, 496, 497, 498, 499, 500, 501, 502, 503, 504, 505, 506, 507, 508, 509, 510, 511, 512, 513, 514, 515, 516, 517], [518, 519, 520, 521, 522, 523, 524, 525, 526, 527, 528, 529, 530, 531, 532, 533, 534, 535, 536, 537, 538, 539, 540, 541, 542, 543, 544, 545, 546, 547, 548, 549, 550, 551, 552, 553, 554, 555, 556, 557, 558, 559, 560, 561, 562, 563, 564, 565, 566, 567, 568], [569, 570, 571, 572, 573, 574, 575, 576, 577, 578, 579, 580, 581, 582, 583, 584, 585, 586, 587, 588, 589, 590, 591, 592, 593, 594, 595, 596, 597, 598, 599, 600, 601, 602, 603, 604, 605, 606, 607, 608, 609, 610, 611, 612, 613, 614, 615, 616, 617, 618, 619, 620, 621, 622, 623, 624, 625, 626, 627, 628, 629, 630, 631, 632, 633, 634, 635, 636, 637, 638], [638, 639, 640, 641, 642, 643, 644, 645, 646, 647, 648, 649, 650, 651, 652, 653, 654, 655, 656, 657, 658, 659, 660, 661, 662, 663, 664, 665, 666, 667, 668, 669, 670, 671, 672, 673, 674, 675, 676, 677], [678, 679, 680, 681, 682, 683, 684, 685, 686, 687, 688, 689, 690, 691, 692, 693, 694, 695, 696, 697, 698, 699, 700, 701, 702, 703, 704, 705, 706, 707, 708, 709, 710, 711, 712, 713, 714, 715, 716, 717, 718, 719, 720], [721, 722, 723, 724, 725, 726, 727, 728, 729, 730, 731, 732, 733, 734, 735, 736, 737, 738, 739, 740, 741, 742, 743, 744, 745], [746, 747, 748, 749, 750, 751, 752, 753, 754, 755, 756, 757, 758, 759, 760, 761, 762, 763, 764, 765, 766, 767, 768, 769, 770, 771, 772, 773, 774, 775, 776, 777, 778, 779, 780, 781, 782, 783, 784, 785, 786, 787, 788, 789, 790, 791, 792, 793, 794, 795, 796, 797, 798], [798, 799, 800, 801, 802, 803, 804, 805, 806, 807, 808, 809, 810, 811, 812, 813, 814, 815, 816, 817, 818, 819, 820, 821, 822, 823, 824]], "scores": [[0, 0, 0, 0, 0, 0, 0, 0, 0, 0, 0, 0, 0, 0, 0, 0, 0, 0, 0], [0, 0, 0.487025, 0.41895499999999997, 0.55707, 0, 0, 0, 0, 0, 0, 0.499045, 0.54853, 0.535345, 0.5678000000000001, 0.455115, 0.39980499999999997, 0, 0], [0, 0.487025, 0, 0.38631, 0.486995, 0, 0, 0, 0, 0, 0, 0.665065, 0.436255, 0.50927, 0.331755, 0.436545, 0.35180500000000003, 0, 0], [0, 0.41895499999999997, 0.38631, 0, 0.369855, 0, 0, 0, 0, 0, 0, 0.36917500000000003, 0.382725, 0.361965, 0.401395, 0.381235, 0.36587000000000003, 0, 0], [0, 0.55707, 0.486995, 0.369855, 0, 0, 0, 0, 0, 0, 0, 0.49404500000000007, 0.44982, 0.567005, 0.479965, 0.445415, 0.48024, 0, 0], [0, 0, 0, 0, 0, 0, 0, 0, 0, 0, 0, 0, 0, 0, 0, 0, 0, 0, 0], [0, 0, 0, 0, 0, 0, 0, 0, 0, 0, 0, 0, 0, 0, 0, 0, 0, 0, 0], [0, 0, 0, 0, 0, 0, 0, 0, 0, 0, 0, 0, 0, 0, 0, 0, 0, 0, 0], [0, 0, 0, 0, 0, 0, 0, 0, 0, 0, 0, 0, 0, 0, 0, 0, 0, 0, 0], [0, 0, 0, 0, 0, 0, 0, 0, 0, 0, 0, 0, 0, 0, 0, 0, 0, 0, 0], [0, 0, 0, 0, 0, 0, 0, 0, 0, 0, 0, 0, 0, 0, 0, 0, 0, 0, 0], [0, 0.499045, 0.665065, 0.36917500000000003, 0.49404500000000007, 0, 0, 0, 0, 0, 0, 0, 0.47750000000000004, 0.58819, 0.47204, 0.43337, 0.44611500000000004, 0, 0], [0, 0.54853, 0.436255, 0.382725, 0.44982, 0, 0, 0, 0, 0, 0, 0.47750000000000004, 0, 0.6446700000000001, 0.45060500000000003, 0.35768500000000003, 0.41603, 0, 0], [0, 0.535345, 0.50927, 0.361965, 0.567005, 0, 0, 0, 0, 0, 0, 0.58819, 0.6446700000000001, 0, 0.5117499999999999, 0.42105, 0.45016, 0, 0], [0, 0.5678000000000001, 0.331755, 0.401395, 0.479965, 0, 0, 0, 0, 0, 0, 0.47204, 0.45060500000000003, 0.5117499999999999, 0, 0.385855, 0.38302, 0, 0], [0, 0.455115, 0.436545, 0.381235, 0.445415, 0, 0, 0, 0, 0, 0, 0.43337, 0.35768500000000003, 0.42105, 0.385855, 0, 0.371545, 0, 0], [0, 0.39980499999999997, 0.35180500000000003, 0.36587000000000003, 0.48024, 0, 0, 0, 0, 0, 0, 0.44611500000000004, 0.41603, 0.45016, 0.38302, 0.371545, 0, 0, 0], [0, 0, 0, 0, 0, 0, 0, 0, 0, 0, 0, 0, 0, 0, 0, 0, 0, 0, 0], [0, 0, 0, 0, 0, 0, 0, 0, 0, 0, 0, 0, 0, 0, 0, 0, 0, 0, 0]]}, "units": {"units": [[5, 6, 7, 8, 9, 10, 11, 12, 13, 14, 15, 16, 17, 18, 19, 20, 21, 22, 23, 24, 25, 26, 27, 28, 29, 30, 31, 32, 33, 34, 35, 36, 37], [38, 39, 40, 41, 42, 43, 44, 45, 46, 47, 48, 49, 50, 51, 52, 53, 54, 55, 56, 57, 58, 59, 60, 61, 62, 63, 64, 65, 66, 67, 68], [69, 70, 71, 72, 73, 74, 75, 76, 77, 78, 79, 80, 81, 82, 83, 84, 85, 86, 87, 88, 89, 90, 91, 92, 93, 94, 95, 96, 97, 98, 99, 100, 101, 102, 103, 104, 105, 106, 107, 108, 109, 110, 111], [112, 113, 114, 115, 116, 117, 118, 119, 120, 121, 122, 123, 124, 125, 126, 127, 128, 129, 130, 131, 132, 133, 134, 135, 136, 137, 138, 139, 140, 141, 142, 143, 144, 145], [146, 147, 148, 149, 150, 151, 152, 153, 154, 155, 156, 157, 158, 159, 160, 161, 162, 163, 164, 165, 166, 167, 168, 169, 170, 171, 456, 457], [458, 459, 460, 461, 462, 463, 464, 465, 466, 467, 468, 469, 470, 471, 472, 473, 474, 475, 476, 477, 478, 479, 480, 481, 482, 483, 484, 485, 486, 487, 488, 489, 490, 491, 492, 493, 494, 495, 496, 497, 498], [499, 500, 501, 502, 503, 504, 505, 506, 507, 508, 509, 510, 511, 512, 513, 514, 515, 516, 517, 518, 519, 520, 521, 522, 523, 524, 525, 526, 527, 528, 529, 530, 531, 532, 533], [534, 535, 536, 537, 538, 539, 540, 541, 542, 543, 544, 545, 546, 547, 548, 549, 550, 551, 552, 553, 554, 555, 556, 557, 558, 559, 560, 561, 562, 563, 564, 565, 566], [567, 568, 569, 570, 571, 572, 573, 574, 575, 576, 577, 578, 579, 580, 581, 582, 583, 584, 585, 586, 587, 588, 589, 590, 591, 592, 593, 594, 595, 596, 597, 598, 599, 600], [601, 602, 603, 604, 605, 606, 607, 608, 609, 610, 611, 612, 613, 614, 615, 616, 617, 618, 619, 620, 621, 622, 623, 624, 625, 626, 627, 628, 629, 630, 631, 632, 633], [634, 635, 636, 637, 638, 639, 640, 641, 642, 643, 644, 645, 646, 647, 648, 649, 650, 651, 652, 653, 654, 655, 656, 657, 658, 659, 660, 661, 662, 663, 664, 665], [666, 667, 668, 669, 670, 671, 672, 673, 674, 675, 676, 677, 678, 679, 680, 681, 682, 691, 692, 693, 694, 695, 696, 697, 698, 699, 700, 701, 702], [703, 704, 705, 706, 707, 708, 709, 710, 711, 712, 713, 714, 715, 716, 717, 718, 719, 720, 721, 722, 723, 724, 725, 726, 727, 728, 729, 730, 731, 732, 733, 734, 735, 736], [737, 738, 739, 740, 741, 742, 743, 744, 745, 746, 747, 748, 749, 750, 751, 752, 753, 754, 755, 756, 757, 758, 759, 760, 761, 762, 763, 764, 765, 766, 767, 768]], "scores": [[0, 0.6357999999999999, 0.679225, 0.6423049999999999, 0.469595, 0.659525, 0.75644, 0.64951, 0.659915, 0.72572, 0.6335999999999999, 0.43339, 0.792485, 0.60653], [0.6357999999999999, 0, 0.62299, 0.5551699999999999, 0.45664000000000005, 0.63062, 0.649635, 0.55468, 0.6122000000000001, 0.577515, 0.556895, 0.394675, 0.67654, 0.53981], [0.679225, 0.62299, 0, 0.589935, 0.423525, 0.57553, 0.624285, 0.531685, 0.605595, 0.623185, 0.59941, 0.38861, 0.6155600000000001, 0.593905], [0.6423049999999999, 0.5551699999999999, 0.589935, 0, 0.421025, 0.6086199999999999, 0.74544, 0.5052749999999999, 0.7583, 0.8339799999999999, 0.74607, 0.423765, 0.65114, 0.8133349999999999], [0.469595, 0.45664000000000005, 0.423525, 0.421025, 0, 0.397055, 0.44828999999999997, 0.43932499999999997, 0.42008999999999996, 0.40549999999999997, 0.37526, 0.35519, 0.457615, 0.421535], [0.659525, 0.63062, 0.57553, 0.6086199999999999, 0.397055, 0, 0.6420049999999999, 0.4913, 0.6274150000000001, 0.615965, 0.574735, 0.33787, 0.6680699999999999, 0.574215], [0.75644, 0.649635, 0.624285, 0.74544, 0.44828999999999997, 0.6420049999999999, 0, 0.56366, 0.77885, 0.831275, 0.6994, 0.402455, 0.79973, 0.71347], [0.64951, 0.55468, 0.531685, 0.5052749999999999, 0.43932499999999997, 0.4913, 0.56366, 0, 0.5340750000000001, 0.5898749999999999, 0.52196, 0.32992, 0.6235850000000001, 0.47629], [0.659915, 0.6122000000000001, 0.605595, 0.7583, 0.42008999999999996, 0.6274150000000001, 0.77885, 0.5340750000000001, 0, 0.875545, 0.740085, 0.40883, 0.65704, 0.806245], [0.72572, 0.577515, 0.623185, 0.8339799999999999, 0.40549999999999997, 0.615965, 0.831275, 0.5898749999999999, 0.875545, 0, 0.77267, 0.42918999999999996, 0.696395, 0.853195], [0.6335999999999999, 0.556895, 0.59941, 0.74607, 0.37526, 0.574735, 0.6994, 0.52196, 0.740085, 0.77267, 0, 0.435055, 0.64127, 0.74836], [0.43339, 0.394675, 0.38861, 0.423765, 0.35519, 0.33787, 0.402455, 0.32992, 0.40883, 0.42918999999999996, 0.435055, 0, 0.381195, 0.41261000000000003], [0.792485, 0.67654, 0.6155600000000001, 0.65114, 0.457615, 0.6680699999999999, 0.79973, 0.6235850000000001, 0.65704, 0.696395, 0.64127, 0.381195, 0, 0.61034], [0.60653, 0.53981, 0.593905, 0.8133349999999999, 0.421535, 0.574215, 0.71347, 0.47629, 0.806245, 0.853195, 0.74836, 0.41261000000000003, 0.61034, 0]]}}