{"exons": {"units": [[1, 2, 3, 4, 5, 6, 7, 8, 9, 10, 11, 12, 13, 14, 15, 16, 17, 18, 19, 20, 21, 22, 23, 24, 25, 26, 27], [28, 29, 30, 31, 32, 33, 34, 35, 36, 37, 38, 39, 40, 41, 42, 43, 44, 45, 46, 47, 48, 49, 50, 51, 52, 53, 54, 55, 56, 57, 58, 59, 60, 61, 62, 63, 64], [64, 65, 66, 67, 68, 69, 70, 71, 72, 73, 74, 75, 76, 77, 78, 79, 80, 81, 82, 83, 84, 85, 86, 87, 88], [89, 90, 91, 92, 93, 94, 95, 96, 97, 98, 99, 100, 101, 102, 103, 104, 105, 106, 107, 108, 109, 110, 111, 112, 113, 114, 115, 116, 117, 118], [119, 120, 121, 122, 123, 124, 125, 126, 127, 128, 129, 130, 131, 132, 133, 134, 135, 136, 137, 138, 139, 140, 141, 142, 143, 144, 145, 146, 147, 148], [149, 150, 151, 152, 153, 154, 155, 156, 157, 158, 159, 160, 161, 162, 163, 164, 165, 166, 167, 168, 169, 170, 171, 172, 173, 174, 175, 176], [177, 178, 179, 180, 181, 182, 183, 184, 185, 186, 187, 188, 189, 190, 191, 192, 193, 194, 195], [195, 196, 197, 198, 199, 200, 201, 202, 203, 204, 205, 206, 207, 208, 209, 210, 211], [211, 212, 213, 214, 215, 216, 217, 218, 219, 220, 221, 222, 223, 224, 225, 226, 227, 228, 229, 230, 231, 232, 233, 234, 235, 236], [236, 237, 238, 239, 240, 241, 242, 243, 244, 245, 246, 247], [248, 249, 250, 251, 252, 253, 254, 255, 256, 257, 258, 259, 260, 261, 262, 263, 264, 265, 266, 267, 268, 269, 270, 271, 272], [273, 274, 275, 276, 277, 278, 279, 280, 281, 282, 283, 284, 285, 286, 287, 288, 289, 290, 291, 292, 293, 294, 295, 296, 297, 298, 299, 300, 301, 302], [302, 303, 304, 305, 306, 307, 308, 309, 310, 311, 312, 313, 314, 315, 316, 317, 318, 319, 320, 321, 322, 323, 324, 325, 326, 327, 328, 329, 330, 331, 332, 333, 334]], "scores": [[0, 0, 0, 0, 0, 0, 0, 0, 0, 0, 0, 0, 0], [0, 0, 0, 0, 0, 0, 0, 0, 0, 0, 0, 0, 0], [0, 0, 0, 0.34497500000000003, 0.307385, 0.55492, 0, 0, 0, 0.39083999999999997, 0.23445, 0.60774, 0.330605], [0, 0, 0.34497500000000003, 0, 0.54183, 0.35748, 0, 0, 0, 0.42606, 0.201455, 0.46974499999999997, 0.7163550000000001], [0, 0, 0.307385, 0.54183, 0, 0.461425, 0, 0, 0, 0.24769000000000002, 0.38387499999999997, 0.3057, 0.506855], [0, 0, 0.55492, 0.35748, 0.461425, 0, 0, 0, 0, 0.485395, 0.281445, 0.6746300000000001, 0.310645], [0, 0, 0, 0, 0, 0, 0, 0, 0, 0, 0, 0, 0], [0, 0, 0, 0, 0, 0, 0, 0, 0, 0, 0, 0, 0], [0, 0, 0, 0, 0, 0, 0, 0, 0, 0, 0, 0, 0], [0, 0, 0.39083999999999997, 0.42606, 0.24769000000000002, 0.485395, 0, 0, 0, 0, 0.26198, 0.40764, 0.298], [0, 0, 0.23445, 0.201455, 0.38387499999999997, 0.281445, 0, 0, 0, 0.26198, 0, 0.268955, 0.221615], [0, 0, 0.60774, 0.46974499999999997, 0.3057, 0.6746300000000001, 0, 0, 0, 0.40764, 0.268955, 0, 0.417045], [0, 0, 0.330605, 0.7163550000000001, 0.506855, 0.310645, 0, 0, 0, 0.298, 0.221615, 0.417045, 0]]}, "units": {"units": [[47, 48, 49, 50, 51, 52, 53, 54, 55, 56, 57, 58, 59, 60, 61, 62, 63, 64, 65, 66, 67, 68, 69, 70, 71, 72, 73, 74, 75, 76, 77, 78, 79, 80, 81, 82, 83, 84, 85, 86, 87, 88], [89, 90, 91, 92, 93, 94, 95, 96, 97, 98, 99, 100, 101, 102, 103, 104, 105, 106, 107, 108, 109, 110, 111, 112, 113, 114, 115, 116, 117, 118, 119, 120, 121, 122, 123, 124, 125, 126, 127, 128], [129, 130, 131, 132, 133, 134, 135, 136, 137, 138, 139, 140, 141, 142, 143, 144, 145, 146, 147, 148, 149, 150, 151, 152, 153, 154, 155, 156, 157, 158, 159, 160, 161, 162, 163, 164, 165, 166, 167, 168, 169, 170], [171, 172, 173, 174, 175, 176, 177, 178, 179, 180, 181, 182, 183, 184, 185, 186, 187, 188, 189, 190, 191, 192, 193, 194, 195, 196, 197, 198, 199, 200, 201, 202, 203, 204, 205, 206, 207, 208, 209, 210, 211, 212, 213, 214, 215], [216, 217, 218, 219, 220, 221, 222, 223, 224, 225, 226, 227, 228, 229, 230, 231, 232, 233, 234, 235, 236, 237, 238, 239, 240, 241, 242, 243, 244, 245, 246, 247, 248, 249, 250, 251, 252, 253, 254, 255, 256], [257, 258, 259, 260, 261, 262, 263, 264, 265, 266, 267, 268, 269, 270, 271, 272, 273, 274, 275, 276, 277, 278, 279, 280, 281, 282, 283, 284, 285, 286, 287, 288, 289, 290, 291, 292, 293, 294, 295, 296, 297, 298, 299, 300], [301, 302, 303, 304, 305, 306, 307, 308, 309, 310, 311, 312, 313, 314, 315, 316, 317, 318, 319, 320, 321, 322, 323, 324, 325, 326, 327, 328, 329, 330, 331, 332, 333]], "scores": [[0, 0.78418, 0.7878000000000001, 0.76505, 0.8228, 0.695165, 0.432755], [0.78418, 0, 0.87624, 0.83288, 0.87056, 0.7664150000000001, 0.64964], [0.7878000000000001, 0.87624, 0, 0.8612299999999999, 0.84059, 0.72492, 0.6904049999999999], [0.76505, 0.83288, 0.8612299999999999, 0, 0.81395, 0.67318, 0.6930350000000001], [0.8228, 0.87056, 0.84059, 0.81395, 0, 0.7530049999999999, 0.62085], [0.695165, 0.7664150000000001, 0.72492, 0.67318, 0.7530049999999999, 0, 0.49588], [0.432755, 0.64964, 0.6904049999999999, 0.6930350000000001, 0.62085, 0.49588, 0]]}}