{"exons": {"units": [[1, 2, 3, 4, 5, 6, 7, 8, 9, 10, 11, 12, 13, 14, 15, 16, 17, 18, 19, 20, 21, 22, 23, 24, 25, 26, 27, 28, 29, 30, 31, 32, 33, 34, 35, 36, 37, 38, 39, 40, 41, 42, 43, 44, 45, 46, 47, 48, 49, 50, 51, 52, 53, 54, 55, 56, 57, 58, 59, 60, 61, 62, 63, 64, 65, 66, 67, 68, 69, 70, 71, 72, 73, 74, 75, 76, 77, 78, 79, 80, 81], [82, 83, 84, 85, 86, 87, 88, 89, 90, 91, 92, 93, 94, 95, 96, 97, 98, 99, 100, 101, 102, 103, 104, 105, 106, 107, 108, 109, 110, 111, 112, 113, 114, 115, 116, 117, 118, 119, 120], [120, 121, 122, 123, 124, 125, 126, 127, 128, 129, 130, 131, 132, 133, 134, 135, 136, 137, 138, 139, 140, 141, 142, 143, 144, 145, 146, 147, 148, 149, 150, 151, 152, 153], [153, 154, 155, 156, 157, 158, 159, 160, 161, 162, 163, 164, 165, 166, 167, 168, 169, 170, 171, 172, 173, 174, 175, 176, 177, 178, 179, 180, 181, 182, 183, 184], [185, 186, 187, 188, 189, 190, 191, 192, 193, 194, 195, 196, 197, 198, 199, 200, 201, 202, 203, 204, 205, 206, 207, 208, 209], [210, 211, 212, 213, 214, 215, 216, 217, 218, 219, 220, 221, 222, 223, 224, 225, 226, 227], [227, 228, 229, 230, 231, 232, 233, 234, 235, 236, 237, 238, 239, 240, 241, 242, 243, 244, 245, 246, 247, 248, 249, 250, 251, 252, 253, 254], [255, 256, 257, 258, 259, 260, 261, 262, 263, 264, 265, 266, 267, 268, 269, 270, 271, 272, 273, 274, 275, 276, 277, 278, 279, 280, 281, 282, 283, 284, 285, 286, 287, 288, 289, 290, 291, 292, 293, 294, 295], [295, 296, 297, 298, 299, 300, 301, 302, 303, 304, 305, 306, 307, 308, 309, 310, 311, 312, 313, 314, 315, 316, 317, 318, 319, 320, 321, 322, 323, 324, 325, 326, 327, 328, 329, 330, 331, 332, 333, 334, 335, 336, 337, 338, 339, 340, 341, 342, 343, 344, 345, 346], [347, 348, 349, 350, 351, 352, 353, 354, 355, 356, 357, 358, 359, 360, 361, 362, 363, 364, 365, 366, 367, 368, 369, 370, 371, 372, 373, 374, 375, 376, 377, 378, 379], [379, 380, 381, 382, 383, 384, 385, 386, 387, 388, 389, 390, 391, 392, 393, 394, 395, 396, 397, 398, 399, 400, 401, 402, 403, 404, 405, 406, 407, 408, 409, 410, 411, 412, 413, 414, 415, 416, 417, 418, 419, 420], [421, 422, 423, 424, 425, 426, 427, 428, 429, 430, 431, 432, 433], [434, 435, 436, 437, 438, 439, 440, 441, 442, 443, 444, 445, 446, 447, 448, 449, 450, 451, 452, 453, 454, 455, 456, 457, 458, 459, 460, 461, 462, 463, 464, 465, 466, 467, 468, 469], [470, 471, 472, 473, 474, 475, 476, 477, 478, 479, 480, 481, 482, 483, 484, 485, 486, 487, 488, 489, 490, 491, 492, 493, 494, 495, 496, 497, 498, 499, 500], [500, 501, 502, 503, 504, 505, 506, 507, 508, 509, 510, 511, 512, 513, 514, 515, 516], [516, 517, 518, 519, 520, 521, 522, 523, 524, 525, 526, 527, 528, 529, 530, 531, 532, 533, 534, 535, 536, 537, 538, 539, 540, 541, 542, 543, 544, 545, 546, 547, 548, 549, 550, 551, 552, 553, 554, 555, 556], [556, 557, 558, 559, 560, 561, 562, 563, 564, 565, 566, 567, 568, 569, 570, 571, 572], [572, 573, 574, 575, 576, 577, 578, 579, 580, 581, 582, 583, 584, 585, 586, 587, 588, 589, 590, 591, 592, 593, 594, 595, 596, 597, 598, 599, 600, 601, 602, 603, 604, 605], [605, 606, 607, 608, 609, 610, 611, 612, 613, 614, 615, 616, 617, 618, 619, 620, 621, 622, 623, 624, 625, 626, 627, 628], [628, 629, 630, 631, 632, 633, 634, 635, 636, 637, 638, 639, 640, 641, 642, 643, 644, 645, 646, 647, 648, 649, 650, 651, 652, 653, 654, 655, 656, 657, 658, 659, 660, 661, 662, 663, 664, 665, 666, 667, 668, 669, 670, 671, 672, 673, 674, 675, 676, 677, 678, 679, 680, 681, 682, 683, 684, 685, 686, 687, 688, 689, 690, 691, 692, 693], [693, 694, 695, 696, 697, 698, 699, 700, 701, 702, 703, 704, 705, 706, 707, 708, 709, 710, 711], [712, 713, 714, 715, 716, 717, 718, 719, 720, 721, 722, 723, 724, 725, 726, 727, 728, 729, 730, 731, 732, 733, 734, 735, 736, 737, 738, 739, 740, 741, 742, 743, 744, 745, 746, 747, 748, 749], [749, 750, 751, 752, 753, 754, 755, 756, 757, 758, 759, 760, 761, 762, 763, 764, 765, 766, 767, 768], [769, 770, 771, 772, 773, 774, 775, 776, 777, 778, 779, 780, 781, 782, 783, 784, 785, 786, 787, 788, 789, 790, 791, 792, 793], [793, 794, 795, 796, 797, 798, 799, 800, 801, 802, 803, 804, 805, 806, 807, 808, 809, 810, 811, 812, 813, 814, 815, 816, 817], [818, 819, 820, 821, 822, 823, 824, 825, 826, 827, 828, 829, 830, 831, 832, 833, 834, 835, 836, 837, 838, 839, 840, 841, 842, 843, 844, 845, 846, 847, 848, 849, 850, 851, 852, 853, 854, 855, 856, 857, 858, 859, 860, 861, 862, 863, 864, 865]], "scores": [[0, 0, 0, 0, 0, 0, 0, 0, 0, 0, 0, 0, 0, 0, 0, 0, 0, 0, 0, 0, 0, 0, 0, 0, 0, 0], [0, 0, 0, 0, 0, 0, 0, 0, 0, 0, 0, 0, 0, 0, 0, 0, 0, 0, 0, 0, 0, 0, 0, 0, 0, 0], [0, 0, 0, 0, 0, 0, 0, 0, 0, 0, 0, 0, 0, 0, 0, 0, 0, 0, 0, 0, 0, 0, 0, 0, 0, 0], [0, 0, 0, 0, 0.27166500000000005, 0.21658, 0.201965, 0.410725, 0.269565, 0.32985, 0.50842, 0.19122499999999998, 0.32277999999999996, 0.27027, 0.28727, 0.29673499999999997, 0.25318, 0.20547500000000002, 0.23276000000000002, 0.229645, 0.154925, 0.22412500000000002, 0.20796, 0.19987, 0.18769, 0], [0, 0, 0, 0.27166500000000005, 0, 0.14108500000000002, 0.27627500000000005, 0.27581, 0.37722500000000003, 0.27166, 0.355825, 0.26473, 0.30652999999999997, 0.223485, 0.19914500000000002, 0.402565, 0.18835000000000002, 0.20116499999999998, 0.18850499999999998, 0.19485, 0.203985, 0.22929, 0.10834, 0.17857, 0.17555, 0], [0, 0, 0, 0.21658, 0.14108500000000002, 0, 0.235205, 0.23306500000000002, 0.187365, 0.259395, 0.22036, 0.2449, 0.21646500000000002, 0.22991, 0.12526, 0.18017, 0.30945500000000004, 0.185485, 0.229535, 0.13584, 0.222985, 0.154745, 0.11737, 0.209225, 0.19305499999999998, 0], [0, 0, 0, 0.201965, 0.27627500000000005, 0.235205, 0, 0.19271, 0.21595999999999999, 0.234115, 0.228925, 0.21012, 0.218835, 0.257285, 0.20966, 0.32018500000000005, 0.22464499999999998, 0.19393, 0.21745, 0.222225, 0.159055, 0.20106000000000002, 0.12804500000000002, 0.161005, 0.21426, 0], [0, 0, 0, 0.410725, 0.27581, 0.23306500000000002, 0.19271, 0, 0.22596, 0.31633, 0.35324, 0.147555, 0.261975, 0.22079, 0.271565, 0.30606, 0.221545, 0.24123499999999998, 0.23341, 0.249415, 0.16573, 0.28781, 0.18547, 0.22179500000000002, 0.218335, 0], [0, 0, 0, 0.269565, 0.37722500000000003, 0.187365, 0.21595999999999999, 0.22596, 0, 0.304125, 0.29169500000000004, 0.205115, 0.31651, 0.22204000000000002, 0.239445, 0.30383499999999997, 0.16353, 0.20411, 0.20732499999999998, 0.21186, 0.16091499999999997, 0.252985, 0.13697, 0.21283, 0.19129000000000002, 0], [0, 0, 0, 0.32985, 0.27166, 0.259395, 0.234115, 0.31633, 0.304125, 0, 0.316285, 0.28103, 0.27261, 0.18979000000000001, 0.29356499999999996, 0.370575, 0.25299, 0.35767, 0.2345, 0.25005499999999997, 0.18372, 0.19619, 0.16809000000000002, 0.233185, 0.20869500000000002, 0], [0, 0, 0, 0.50842, 0.355825, 0.22036, 0.228925, 0.35324, 0.29169500000000004, 0.316285, 0, 0.237715, 0.471045, 0.269935, 0.289385, 0.33999, 0.30739, 0.198655, 0.21468500000000001, 0.22636499999999998, 0.174195, 0.222495, 0.14208500000000002, 0.252275, 0.18165, 0], [0, 0, 0, 0.19122499999999998, 0.26473, 0.2449, 0.21012, 0.147555, 0.205115, 0.28103, 0.237715, 0, 0.198455, 0.165425, 0.20455, 0.21204, 0.20447500000000002, 0.19428, 0.20731, 0.25561500000000004, 0.31211, 0.286435, 0.16311, 0.226225, 0.21697500000000003, 0], [0, 0, 0, 0.32277999999999996, 0.30652999999999997, 0.21646500000000002, 0.218835, 0.261975, 0.31651, 0.27261, 0.471045, 0.198455, 0, 0.207005, 0.31418, 0.28511, 0.2729, 0.21792499999999998, 0.27789, 0.208555, 0.168495, 0.23163, 0.17302499999999998, 0.18342, 0.21195999999999998, 0], [0, 0, 0, 0.27027, 0.223485, 0.22991, 0.257285, 0.22079, 0.22204000000000002, 0.18979000000000001, 0.269935, 0.165425, 0.207005, 0, 0.18426, 0.331895, 0.189165, 0.208535, 0.201185, 0.194575, 0.1783, 0.19129000000000002, 0.131885, 0.20402, 0.1568, 0], [0, 0, 0, 0.28727, 0.19914500000000002, 0.12526, 0.20966, 0.271565, 0.239445, 0.29356499999999996, 0.289385, 0.20455, 0.31418, 0.18426, 0, 0.18706499999999998, 0.2412, 0.14725500000000002, 0.19775, 0.17026, 0.15453499999999998, 0.198115, 0.157555, 0.19952999999999999, 0.17969000000000002, 0], [0, 0, 0, 0.29673499999999997, 0.402565, 0.18017, 0.32018500000000005, 0.30606, 0.30383499999999997, 0.370575, 0.33999, 0.21204, 0.28511, 0.331895, 0.18706499999999998, 0, 0.230305, 0.20145, 0.22083, 0.23758, 0.18956499999999998, 0.22890500000000003, 0.15553, 0.17825000000000002, 0.19509500000000002, 0], [0, 0, 0, 0.25318, 0.18835000000000002, 0.30945500000000004, 0.22464499999999998, 0.221545, 0.16353, 0.25299, 0.30739, 0.20447500000000002, 0.2729, 0.189165, 0.2412, 0.230305, 0, 0.20553, 0.23042, 0.17071, 0.229825, 0.175215, 0.2515, 0.29436, 0.21242499999999997, 0], [0, 0, 0, 0.20547500000000002, 0.20116499999999998, 0.185485, 0.19393, 0.24123499999999998, 0.20411, 0.35767, 0.198655, 0.19428, 0.21792499999999998, 0.208535, 0.14725500000000002, 0.20145, 0.20553, 0, 0.24197999999999997, 0.225485, 0.20911, 0.283745, 0.242005, 0.221675, 0.35033000000000003, 0], [0, 0, 0, 0.23276000000000002, 0.18850499999999998, 0.229535, 0.21745, 0.23341, 0.20732499999999998, 0.2345, 0.21468500000000001, 0.20731, 0.27789, 0.201185, 0.19775, 0.22083, 0.23042, 0.24197999999999997, 0, 0.21228000000000002, 0.17497000000000001, 0.18340499999999998, 0.16838999999999998, 0.26897000000000004, 0.171825, 0], [0, 0, 0, 0.229645, 0.19485, 0.13584, 0.222225, 0.249415, 0.21186, 0.25005499999999997, 0.22636499999999998, 0.25561500000000004, 0.208555, 0.194575, 0.17026, 0.23758, 0.17071, 0.225485, 0.21228000000000002, 0, 0.16325499999999998, 0.264545, 0.190075, 0.22354000000000002, 0.321265, 0], [0, 0, 0, 0.154925, 0.203985, 0.222985, 0.159055, 0.16573, 0.16091499999999997, 0.18372, 0.174195, 0.31211, 0.168495, 0.1783, 0.15453499999999998, 0.18956499999999998, 0.229825, 0.20911, 0.17497000000000001, 0.16325499999999998, 0, 0.21990500000000002, 0.233365, 0.219835, 0.24695, 0], [0, 0, 0, 0.22412500000000002, 0.22929, 0.154745, 0.20106000000000002, 0.28781, 0.252985, 0.19619, 0.222495, 0.286435, 0.23163, 0.19129000000000002, 0.198115, 0.22890500000000003, 0.175215, 0.283745, 0.18340499999999998, 0.264545, 0.21990500000000002, 0, 0.21249, 0.201725, 0.346315, 0], [0, 0, 0, 0.20796, 0.10834, 0.11737, 0.12804500000000002, 0.18547, 0.13697, 0.16809000000000002, 0.14208500000000002, 0.16311, 0.17302499999999998, 0.131885, 0.157555, 0.15553, 0.2515, 0.242005, 0.16838999999999998, 0.190075, 0.233365, 0.21249, 0, 0.203435, 0.21703, 0], [0, 0, 0, 0.19987, 0.17857, 0.209225, 0.161005, 0.22179500000000002, 0.21283, 0.233185, 0.252275, 0.226225, 0.18342, 0.20402, 0.19952999999999999, 0.17825000000000002, 0.29436, 0.221675, 0.26897000000000004, 0.22354000000000002, 0.219835, 0.201725, 0.203435, 0, 0.19458, 0], [0, 0, 0, 0.18769, 0.17555, 0.19305499999999998, 0.21426, 0.218335, 0.19129000000000002, 0.20869500000000002, 0.18165, 0.21697500000000003, 0.21195999999999998, 0.1568, 0.17969000000000002, 0.19509500000000002, 0.21242499999999997, 0.35033000000000003, 0.171825, 0.321265, 0.24695, 0.346315, 0.21703, 0.19458, 0, 0], [0, 0, 0, 0, 0, 0, 0, 0, 0, 0, 0, 0, 0, 0, 0, 0, 0, 0, 0, 0, 0, 0, 0, 0, 0, 0]]}, "units": {"units": [[146, 147, 148, 149, 150, 151, 152, 153, 154, 155, 156, 157, 158, 159, 160, 161, 162, 163, 164, 165, 166, 167, 168, 169, 170, 171, 172, 173, 174, 175, 176, 177, 178, 179, 180, 181, 182, 183, 184, 185], [186, 187, 188, 189, 190, 191, 192, 193, 194, 195, 196, 197, 198, 199, 200, 201, 202, 203, 204, 205, 206, 207, 208, 209, 210, 211, 212, 213, 214, 215, 216, 217, 218, 219, 220, 221, 222, 223, 224, 225, 226, 227, 228, 229, 230, 231, 232, 233, 234, 235, 236, 237, 238, 239, 240], [241, 242, 243, 244, 245, 246, 247, 248, 249, 250, 251, 252, 253, 254, 255, 256, 257, 258, 259, 260, 261, 262, 263, 264, 265, 266, 267, 268, 269, 270, 271, 272, 273, 274, 275, 276, 277, 278, 279, 280, 281], [282, 283, 284, 285, 286, 287, 288, 289, 290, 291, 292, 293, 294, 295, 296, 297, 298, 299, 300, 301, 302, 303, 304, 305, 306, 307, 308, 309, 310, 311, 312, 313, 314, 315, 316, 317, 318, 319, 320, 321, 322, 323, 324, 325, 326, 327, 328, 329, 330, 331, 332, 333, 334, 335, 336, 337, 338, 339, 340, 341, 342, 343, 344, 345, 346, 347, 348, 349, 350, 351, 352, 353, 354, 355, 356, 357, 358, 359, 360, 361, 362, 363, 364, 365, 366, 367, 368, 369, 370, 371, 372, 373, 374, 375, 376, 377, 378, 379, 380], [381, 382, 383, 384, 385, 386, 387, 388, 389, 390, 391, 392, 393, 394, 395, 396, 397, 398, 399, 400, 401, 402, 403, 404, 405, 406, 407, 408, 409, 410, 411, 412, 413, 414, 415, 416, 417, 418, 419, 420, 421, 422, 423, 424, 425, 426, 427, 428, 429, 430], [431, 432, 433, 434, 435, 436, 437, 438, 439, 440, 441, 442, 443, 444, 445, 446, 447, 448, 449, 450, 451, 452, 453, 454, 455, 456, 457, 458, 459, 460, 461, 462, 463, 464, 465, 466, 467, 468, 469, 470, 471, 472, 473, 474, 475, 476, 477, 478, 479, 480, 481, 482, 483, 484, 485], [486, 487, 488, 489, 490, 491, 492, 493, 494, 495, 496, 497, 498, 499, 500, 501, 502, 503, 504, 505, 506, 507, 508, 509, 510, 511, 512, 513, 514, 515, 516, 517, 518, 519, 520, 521, 522, 523, 524, 525, 526, 527, 528, 529, 530, 531, 532, 533, 534, 535, 536, 537, 538], [539, 540, 541, 542, 543, 544, 545, 546, 547, 548, 549, 550, 551, 552, 553, 554, 555, 556, 557, 558, 559, 560, 561, 562, 563, 564, 565, 566, 567, 568, 569, 570, 571, 572, 573, 574, 575, 576, 577, 578, 579, 580, 581, 582, 583]], "scores": [[0, 0.497235, 0.51722, 0.45162, 0.6446000000000001, 0.504785, 0.55091, 0.56308], [0.497235, 0, 0.579495, 0.423555, 0.54434, 0.50349, 0.509425, 0.57065], [0.51722, 0.579495, 0, 0.434215, 0.60622, 0.48819999999999997, 0.526745, 0.5565], [0.45162, 0.423555, 0.434215, 0, 0.515635, 0.431505, 0.494725, 0.4638], [0.6446000000000001, 0.54434, 0.60622, 0.515635, 0, 0.484015, 0.61195, 0.61067], [0.504785, 0.50349, 0.48819999999999997, 0.431505, 0.484015, 0, 0.553945, 0.6027], [0.55091, 0.509425, 0.526745, 0.494725, 0.61195, 0.553945, 0, 0.561855], [0.56308, 0.57065, 0.5565, 0.4638, 0.61067, 0.6027, 0.561855, 0]]}}