{"exons": {"units": [[1, 2, 3, 4, 5], [5, 6, 7, 8, 9, 10, 11, 12, 13, 14, 15, 16, 17, 18, 19, 20, 21, 22, 23, 24, 25, 26, 27, 28, 29, 30, 31, 32, 33, 34, 35, 36, 37, 38, 39, 40, 41, 42, 43, 44, 45, 46, 47, 48, 49, 50, 51, 52, 53, 54, 55, 56, 57, 58, 59, 60], [61, 62, 63, 64, 65, 66, 67, 68, 69, 70, 71, 72, 73, 74, 75, 76, 77, 78, 79, 80, 81, 82, 83, 84, 85, 86, 87, 88, 89, 90, 91, 92, 93, 94, 95, 96, 97, 98, 99, 100, 101, 102, 103, 104, 105, 106, 107], [107, 108, 109, 110, 111, 112, 113, 114, 115, 116, 117, 118, 119, 120, 121, 122, 123, 124, 125, 126, 127, 128, 129, 130, 131, 132, 133, 134, 135, 136, 137, 138, 139, 140, 141, 142, 143], [143, 144, 145, 146, 147, 148, 149, 150, 151, 152, 153, 154, 155, 156, 157, 158, 159, 160, 161, 162, 163, 164, 165, 166, 167, 168, 169, 170, 171, 172, 173, 174, 175, 176, 177, 178, 179, 180, 181, 182, 183, 184], [184, 185, 186, 187, 188, 189, 190, 191, 192, 193, 194, 195, 196, 197, 198, 199, 200, 201, 202, 203, 204, 205, 206, 207, 208, 209, 210, 211, 212, 213, 214, 215, 216], [216, 217, 218, 219, 220, 221, 222, 223, 224, 225, 226, 227, 228, 229, 230, 231, 232, 233, 234, 235, 236, 237, 238, 239, 240, 241, 242, 243, 244, 245, 246, 247, 248, 249, 250, 251, 252, 253, 254, 255, 256, 257, 258, 259, 260, 261], [262, 263, 264, 265, 266, 267, 268, 269, 270, 271, 272, 273, 274, 275, 276, 277, 278, 279, 280, 281, 282, 283, 284, 285, 286, 287, 288, 289, 290, 291, 292, 293, 294, 295, 296, 297, 298], [298, 299, 300, 301, 302, 303, 304, 305, 306, 307, 308, 309, 310, 311, 312, 313, 314, 315, 316, 317, 318, 319, 320, 321, 322, 323, 324, 325, 326, 327, 328, 329, 330, 331, 332, 333, 334, 335, 336, 337], [338, 339, 340, 341, 342, 343, 344, 345, 346, 347, 348, 349, 350, 351, 352, 353, 354, 355, 356, 357, 358, 359, 360, 361, 362, 363, 364, 365, 366, 367, 368, 369, 370], [370, 371, 372, 373, 374, 375, 376, 377, 378, 379], [380, 381, 382, 383, 384, 385, 386, 387, 388, 389, 390, 391, 392, 393, 394, 395, 396, 397, 398], [399, 400, 401, 402, 403, 404, 405, 406, 407, 408, 409, 410, 411, 412, 413, 414, 415, 416, 417, 418, 419, 420, 421, 422], [423, 424, 425, 426, 427, 428, 429, 430, 431, 432, 433, 434, 435, 436, 437, 438, 439], [440, 441, 442, 443, 444, 445, 446, 447, 448, 449, 450, 451, 452, 453, 454, 455, 456, 457, 458, 459, 460, 461, 462, 463, 464, 465, 466, 467, 468, 469, 470, 471, 472, 473, 474, 475, 476, 477, 478, 479, 480, 481, 482, 483, 484, 485, 486, 487, 488, 489], [490, 491, 492, 493, 494, 495, 496, 497, 498, 499, 500, 501, 502, 503, 504, 505, 506, 507, 508, 509, 510, 511, 512, 513, 514, 515, 516, 517, 518, 519, 520, 521, 522], [522, 523, 524, 525, 526, 527, 528, 529, 530, 531, 532, 533, 534, 535, 536, 537, 538, 539, 540, 541, 542, 543, 544, 545, 546, 547, 548, 549, 550, 551, 552, 553, 554, 555, 556, 557], [557, 558, 559, 560, 561, 562, 563, 564, 565, 566, 567, 568, 569, 570, 571, 572, 573, 574, 575, 576, 577, 578, 579], [579, 580, 581, 582, 583, 584, 585, 586, 587, 588, 589, 590, 591, 592, 593, 594, 595, 596, 597, 598, 599, 600, 601, 602, 603, 604, 605, 606], [606, 607, 608, 609, 610, 611, 612, 613, 614, 615, 616, 617, 618, 619, 620, 621, 622, 623, 624, 625, 626, 627, 628, 629, 630, 631, 632, 633, 634, 635, 636, 637, 638, 639, 640, 641, 642, 643, 644, 645, 646, 647, 648, 649, 650, 651, 652, 653, 654, 655, 656, 657, 658, 659, 660, 661, 662, 663], [663, 664, 665, 666, 667, 668, 669, 670, 671, 672, 673, 674, 675, 676, 677, 678, 679, 680, 681, 682, 683, 684, 685, 686, 687, 688, 689], [690, 691, 692, 693, 694, 695, 696, 697, 698, 699, 700, 701, 702, 703, 704, 705, 706, 707, 708, 709, 710, 711, 712, 713, 714, 715, 716, 717, 718, 719, 720, 721, 722, 723, 724, 725, 726, 727, 728, 729, 730, 731, 732]], "scores": [[0, 0, 0, 0, 0, 0, 0, 0, 0, 0, 0, 0, 0, 0, 0, 0, 0, 0, 0, 0, 0, 0], [0, 0, 0, 0, 0, 0, 0, 0, 0, 0, 0, 0, 0, 0, 0, 0, 0, 0, 0, 0, 0, 0], [0, 0, 0, 0.44867500000000005, 0.357715, 0.293065, 0.34319, 0.213425, 0.38780499999999996, 0.333085, 0.23179, 0.39518, 0.41398500000000005, 0.16322, 0.338295, 0.294415, 0.40341499999999997, 0.44830000000000003, 0.43318500000000004, 0.424435, 0.511845, 0.346155], [0, 0, 0.44867500000000005, 0, 0.40456000000000003, 0.32845, 0.35767499999999997, 0.31108, 0.463035, 0.376855, 0.2551, 0.4558, 0.440315, 0.23209000000000002, 0.40649, 0.26839, 0.41546, 0.647545, 0.440605, 0.44306500000000004, 0.5552, 0.42335999999999996], [0, 0, 0.357715, 0.40456000000000003, 0, 0.346845, 0.34548999999999996, 0.2384, 0.40032999999999996, 0.53801, 0.24289, 0.42715499999999995, 0.43162999999999996, 0.229815, 0.639095, 0.22039, 0.452935, 0.402005, 0.462435, 0.444265, 0.43241999999999997, 0.388085], [0, 0, 0.293065, 0.32845, 0.346845, 0, 0.306995, 0.29355, 0.32569000000000004, 0.3271, 0.179895, 0.378715, 0.388385, 0.27562, 0.36562, 0.23517, 0.360885, 0.39441, 0.39022500000000004, 0.296065, 0.383285, 0.30852999999999997], [0, 0, 0.34319, 0.35767499999999997, 0.34548999999999996, 0.306995, 0, 0.269415, 0.367135, 0.34511000000000003, 0.30854, 0.42096500000000003, 0.389335, 0.147775, 0.346005, 0.260605, 0.39528, 0.350075, 0.41023, 0.366035, 0.38644, 0.334595], [0, 0, 0.213425, 0.31108, 0.2384, 0.29355, 0.269415, 0, 0.28134499999999996, 0.27780499999999997, 0.17803, 0.31462, 0.29893000000000003, 0.19563, 0.363095, 0.20279000000000003, 0.28102499999999997, 0.30308999999999997, 0.24092, 0.291505, 0.257315, 0.22216999999999998], [0, 0, 0.38780499999999996, 0.463035, 0.40032999999999996, 0.32569000000000004, 0.367135, 0.28134499999999996, 0, 0.408135, 0.20714500000000002, 0.43969500000000006, 0.519565, 0.20144, 0.44991, 0.24591000000000002, 0.519525, 0.461635, 0.48602, 0.369965, 0.50362, 0.42056499999999997], [0, 0, 0.333085, 0.376855, 0.53801, 0.3271, 0.34511000000000003, 0.27780499999999997, 0.408135, 0, 0.21652, 0.43755999999999995, 0.43827, 0.2257, 0.43306, 0.21337, 0.41352500000000003, 0.43450500000000003, 0.4117, 0.40479, 0.408805, 0.36933499999999997], [0, 0, 0.23179, 0.2551, 0.24289, 0.179895, 0.30854, 0.17803, 0.20714500000000002, 0.21652, 0, 0.127015, 0.23252499999999998, 0.23946, 0.21613, 0.280615, 0.25624, 0.25083, 0.19144, 0.25526, 0.30707, 0.16812], [0, 0, 0.39518, 0.4558, 0.42715499999999995, 0.378715, 0.42096500000000003, 0.31462, 0.43969500000000006, 0.43755999999999995, 0.127015, 0, 0.547315, 0.14996500000000001, 0.41635500000000003, 0.155535, 0.40817499999999995, 0.518855, 0.48688, 0.405265, 0.48425, 0.43488], [0, 0, 0.41398500000000005, 0.440315, 0.43162999999999996, 0.388385, 0.389335, 0.29893000000000003, 0.519565, 0.43827, 0.23252499999999998, 0.547315, 0, 0.28507, 0.47009999999999996, 0.22261, 0.4709, 0.551805, 0.518785, 0.38561, 0.5120150000000001, 0.432915], [0, 0, 0.16322, 0.23209000000000002, 0.229815, 0.27562, 0.147775, 0.19563, 0.20144, 0.2257, 0.23946, 0.14996500000000001, 0.28507, 0, 0.213955, 0.22447, 0.2007, 0.22074500000000002, 0.262115, 0.20964, 0.223285, 0.22202], [0, 0, 0.338295, 0.40649, 0.639095, 0.36562, 0.346005, 0.363095, 0.44991, 0.43306, 0.21613, 0.41635500000000003, 0.47009999999999996, 0.213955, 0, 0.246765, 0.523865, 0.406975, 0.43539000000000005, 0.413245, 0.40922000000000003, 0.42297], [0, 0, 0.294415, 0.26839, 0.22039, 0.23517, 0.260605, 0.20279000000000003, 0.24591000000000002, 0.21337, 0.280615, 0.155535, 0.22261, 0.22447, 0.246765, 0, 0.24917, 0.28048, 0.20731, 0.286505, 0.31133999999999995, 0.23682999999999998], [0, 0, 0.40341499999999997, 0.41546, 0.452935, 0.360885, 0.39528, 0.28102499999999997, 0.519525, 0.41352500000000003, 0.25624, 0.40817499999999995, 0.4709, 0.2007, 0.523865, 0.24917, 0, 0.45144, 0.5296449999999999, 0.383905, 0.43984500000000004, 0.45343500000000003], [0, 0, 0.44830000000000003, 0.647545, 0.402005, 0.39441, 0.350075, 0.30308999999999997, 0.461635, 0.43450500000000003, 0.25083, 0.518855, 0.551805, 0.22074500000000002, 0.406975, 0.28048, 0.45144, 0, 0.517255, 0.47023499999999996, 0.63618, 0.39483], [0, 0, 0.43318500000000004, 0.440605, 0.462435, 0.39022500000000004, 0.41023, 0.24092, 0.48602, 0.4117, 0.19144, 0.48688, 0.518785, 0.262115, 0.43539000000000005, 0.20731, 0.5296449999999999, 0.517255, 0, 0.396885, 0.500445, 0.43374999999999997], [0, 0, 0.424435, 0.44306500000000004, 0.444265, 0.296065, 0.366035, 0.291505, 0.369965, 0.40479, 0.25526, 0.405265, 0.38561, 0.20964, 0.413245, 0.286505, 0.383905, 0.47023499999999996, 0.396885, 0, 0.49912, 0.33338], [0, 0, 0.511845, 0.5552, 0.43241999999999997, 0.383285, 0.38644, 0.257315, 0.50362, 0.408805, 0.30707, 0.48425, 0.5120150000000001, 0.223285, 0.40922000000000003, 0.31133999999999995, 0.43984500000000004, 0.63618, 0.500445, 0.49912, 0, 0.36824], [0, 0, 0.346155, 0.42335999999999996, 0.388085, 0.30852999999999997, 0.334595, 0.22216999999999998, 0.42056499999999997, 0.36933499999999997, 0.16812, 0.43488, 0.432915, 0.22202, 0.42297, 0.23682999999999998, 0.45343500000000003, 0.39483, 0.43374999999999997, 0.33338, 0.36824, 0]]}, "units": {"units": [[105, 106, 107, 108, 109, 110, 111, 112, 113, 114, 115, 116, 117, 118, 119, 120, 121, 122, 123, 124, 125, 126, 127, 128, 129, 130, 131, 132, 133, 134, 135, 136, 137, 138, 139, 140, 141, 142, 143, 144, 145, 146, 147, 148, 149], [150, 151, 152, 153, 154, 155, 156, 157, 158, 159, 160, 161, 162, 163, 164, 165, 166, 167, 168, 169, 170, 171, 172, 173, 174, 175, 176, 177, 178, 179, 180, 181, 182, 183, 184, 185, 186, 187, 188, 189, 190], [191, 192, 193, 194, 195, 196, 197, 198, 199, 200, 201, 202, 203, 204, 205, 206, 207, 208, 209, 210, 211, 212, 213, 214, 215, 216, 217, 218, 219, 220, 221, 222, 223, 224, 225, 226, 227, 228, 229, 230], [231, 232, 233, 234, 235, 236, 237, 238, 239, 240, 241, 242, 243, 244, 245, 246, 247, 248, 249, 250, 251, 252, 253, 254, 255, 256, 257, 258, 259, 260, 261, 262, 263, 264, 265, 266, 267, 268, 269, 270, 271, 272, 273, 274, 275, 276, 277, 278, 279, 280, 281, 282, 283, 284, 285, 286, 287, 288, 289, 290], [291, 292, 293, 294, 295, 296, 297, 298, 299, 300, 301, 302, 303, 304, 305, 306, 307, 308, 309, 310, 311, 312, 313, 314, 315, 316, 317, 318, 319, 320, 321, 322, 323, 324, 325, 326, 327, 328, 329, 330, 331, 332, 333, 334, 335, 336], [337, 338, 339, 340, 341, 342, 343, 344, 345, 346, 347, 348, 349, 350, 351, 352, 353, 354, 355, 356, 357, 358, 359, 360, 361, 362, 363, 364, 365, 366, 367, 368], [385, 386, 387, 388, 389, 390, 391, 392, 393, 394, 395, 396, 397, 398, 399, 400, 401, 402, 403, 404, 405, 406, 407, 408, 409, 410, 411, 412, 413, 414, 415, 416, 417, 418, 419, 420, 421, 422, 423, 424, 425, 426, 427, 428, 429, 430, 431, 432, 433, 434, 435, 436, 437, 438, 439, 440, 441, 442, 443, 444, 445, 446, 447, 448, 449, 450, 451, 452, 453], [454, 455, 456, 457, 458, 459, 460, 461, 462, 463, 464, 465, 466, 467, 468, 469, 470, 471, 472, 473, 474, 475, 476, 477, 478, 479, 480, 481, 482, 483, 484, 485, 486, 487, 488, 489, 490, 491, 492, 493, 494, 495, 496, 497, 498, 499, 500, 501, 502, 503, 504, 505, 506, 507, 508, 509, 510, 511, 512, 513, 514, 515, 516, 517, 518, 519, 520, 521, 522, 523, 524, 525, 526, 527, 528, 529], [530, 531, 532, 533, 534, 535, 536, 537, 538, 539, 540, 541, 542, 543, 544, 545, 546, 547, 548, 549, 550, 551, 552, 553, 554, 555, 556, 557, 558, 559, 560, 561, 562, 563, 564, 565, 566, 567, 568, 569, 570, 571, 572, 573, 574, 575, 576, 577, 578, 579, 580, 581, 582, 583, 584], [585, 586, 587, 588, 589, 590, 591, 592, 593, 594, 595, 596, 597, 598, 599, 600, 601, 602, 603, 604, 605, 606, 607, 608, 609, 610, 611, 612, 613, 614, 615, 616, 617, 618, 619, 620, 621, 622, 623, 624, 625, 626, 627, 628, 629, 630, 631, 632, 633, 634, 635, 636, 637, 638, 639, 640, 641, 642, 643, 644, 645, 646, 647, 648], [649, 650, 651, 652, 653, 654, 655, 656, 657, 658, 659, 660, 661, 662, 663, 664, 665, 666, 667, 668, 669, 670, 671, 672, 673, 674, 675, 676, 677, 678, 679, 680]], "scores": [[0, 0.4076, 0.33355999999999997, 0.28620500000000004, 0.42449499999999996, 0.37116, 0.586095, 0.528295, 0.53969, 0.543795, 0.41237], [0.4076, 0, 0.31911500000000004, 0.311355, 0.386815, 0.557335, 0.60017, 0.527485, 0.59507, 0.55396, 0.66796], [0.33355999999999997, 0.31911500000000004, 0, 0.262085, 0.28262, 0.36113, 0.23537999999999998, 0.27612, 0.327935, 0.27825500000000003, 0.34892], [0.28620500000000004, 0.311355, 0.262085, 0, 0.351285, 0.30006, 0.2489, 0.257755, 0.28253, 0.25122500000000003, 0.38607], [0.42449499999999996, 0.386815, 0.28262, 0.351285, 0, 0.415675, 0.365055, 0.35478, 0.48163500000000004, 0.35646500000000003, 0.39129], [0.37116, 0.557335, 0.36113, 0.30006, 0.415675, 0, 0.457575, 0.40573000000000004, 0.39324000000000003, 0.45997, 0.54325], [0.586095, 0.60017, 0.23537999999999998, 0.2489, 0.365055, 0.457575, 0, 0.583825, 0.627075, 0.5815, 0.60081], [0.528295, 0.527485, 0.27612, 0.257755, 0.35478, 0.40573000000000004, 0.583825, 0, 0.59773, 0.52154, 0.56791], [0.53969, 0.59507, 0.327935, 0.28253, 0.48163500000000004, 0.39324000000000003, 0.627075, 0.59773, 0, 0.57206, 0.38914499999999996], [0.543795, 0.55396, 0.27825500000000003, 0.25122500000000003, 0.35646500000000003, 0.45997, 0.5815, 0.52154, 0.57206, 0, 0.55815], [0.41237, 0.66796, 0.34892, 0.38607, 0.39129, 0.54325, 0.60081, 0.56791, 0.38914499999999996, 0.55815, 0]]}}