{"exons": {"units": [[1, 2, 3, 4, 5, 6, 7, 8, 9, 10, 11, 12, 13, 14, 15, 16, 17, 18, 19, 20, 21, 22, 23, 24, 25, 26, 27, 28, 29, 30, 31, 32, 33, 34, 35, 36, 37, 38, 39, 40, 41, 42, 43, 44, 45, 46, 47, 48, 49, 50, 51, 52, 53, 54, 55, 56, 57, 58, 59, 60, 61, 62, 63, 64, 65, 66, 67, 68, 69, 70, 71, 72, 73, 74, 75, 76, 77, 78, 79, 80, 81, 82, 83, 84, 85, 86, 87, 88, 89, 90, 91, 92, 93, 94, 95, 96, 97, 98, 99, 100, 101, 102, 103, 104, 105, 106, 107, 108, 109, 110, 111, 112, 113, 114, 115, 116, 117, 118, 119, 120, 121, 122, 123, 124, 125, 126, 127, 128, 129, 130, 131, 132, 133, 134, 135, 136, 137, 138, 139, 140, 141, 142, 143, 144, 145, 146, 147, 148, 149, 150, 151, 152, 153, 154, 155, 156], [156, 157, 158, 159, 160, 161, 162, 163, 164, 165, 166, 167, 168, 169, 170, 171, 172, 173, 174, 175, 176, 177, 178, 179, 180, 181, 182, 183, 184, 185, 186, 187, 188, 189, 190, 191, 192, 193, 194, 195, 196, 197, 198, 199, 200, 201, 202, 203, 204, 205, 206, 207, 208, 209, 210, 211, 212, 213, 214, 215, 216, 217, 218, 219, 220, 221, 222, 223, 224, 225, 226, 227, 228, 229, 230, 231, 232, 233, 234, 235, 236, 237, 238, 239, 240, 241, 242, 243, 244, 245, 246, 247, 248, 249, 250, 251, 252, 253, 254, 255, 256, 257, 258, 259, 260, 261, 262, 263, 264, 265, 266, 267, 268, 269, 270, 271, 272, 273, 274, 275, 276, 277, 278, 279, 280, 281, 282, 283, 284, 285, 286, 287, 288, 289, 290, 291, 292, 293, 294, 295, 296, 297, 298, 299, 300, 301, 302, 303, 304, 305, 306, 307, 308, 309, 310, 311, 312, 313, 314, 315, 316, 317, 318, 319, 320], [321, 322, 323, 324, 325, 326, 327, 328, 329, 330, 331, 332, 333, 334, 335, 336, 337, 338, 339, 340, 341, 342, 343, 344, 345, 346, 347, 348, 349, 350, 351, 352, 353, 354, 355, 356, 357, 358, 359, 360, 361, 362, 363, 364, 365, 366, 367, 368, 369, 370, 371, 372, 373, 374, 375, 376, 377, 378, 379, 380, 381, 382, 383, 384, 385, 386, 387, 388, 389, 390, 391, 392, 393, 394, 395, 396, 397, 398, 399, 400, 401, 402, 403, 404, 405, 406, 407, 408, 409, 410, 411, 412, 413, 414, 415, 416, 417, 418, 419, 420, 421, 422, 423, 424, 425, 426, 427, 428, 429, 430, 431, 432, 433, 434, 435, 436, 437, 438, 439, 440, 441, 442, 443, 444, 445, 446, 447, 448, 449, 450, 451, 452, 453, 454, 455, 456, 457, 458, 459, 460, 461, 462, 463, 464, 465, 466, 467, 468, 469, 470, 471, 472, 473, 474, 475, 476, 477, 478, 479, 480, 481, 482, 483, 484, 485, 486, 487, 488, 489, 490, 491, 492, 493, 494, 495, 496, 497, 498, 499, 500, 501, 502, 503, 504, 505, 506, 507, 508, 509, 510, 511, 512, 513, 514, 515, 516, 517, 518, 519, 520, 521, 522, 523, 524, 525, 526, 527, 528, 529, 530, 531, 532, 533, 534, 535, 536, 537, 538, 539, 540, 541, 542, 543, 544, 545, 546, 547, 548, 549, 550, 551, 552, 553, 554, 555, 556, 557, 558, 559, 560, 561, 562, 563, 564, 565, 566, 567, 568, 569, 570, 571, 572, 573, 574, 575, 576, 577, 578, 579, 580, 581, 582, 583, 584, 585, 586, 587, 588, 589, 590, 591, 592, 593, 594]], "scores": [[0, 0, 0], [0, 0, 0], [0, 0, 0]]}, "units": {"units": [[10, 11, 12, 13, 14, 15, 16, 17, 18, 19, 20, 21], [22, 23, 24, 25, 26, 27, 28, 29, 30, 31, 32, 33, 34, 35, 36, 37, 38, 39, 40, 41, 42, 43, 44, 45, 46, 47, 48, 49, 50, 51, 52, 53, 54, 55, 56], [57, 58, 59, 60, 61, 62, 63, 64, 65, 66, 67, 68, 69, 70, 71, 72, 73, 74, 75], [76, 77, 78, 79, 80, 81, 82, 83, 84, 85, 86, 87, 88, 89, 90, 91, 92], [93, 94, 95, 96, 97, 98, 99, 100, 101, 102, 103, 104, 105, 106, 107, 108, 109, 110, 111, 112, 113, 114, 115, 116], [117, 118, 119, 120, 121, 122, 123, 124, 125, 126, 127, 128, 129, 130, 131, 132, 133], [134, 135, 136, 137, 138, 139, 140, 141, 142, 143, 144, 145, 146, 147, 148, 149, 150, 151, 152, 153, 154, 155, 156, 157, 158, 159, 160, 161, 162, 163], [164, 165, 166, 167, 168, 169, 170, 171, 172, 173, 174, 175, 176, 177, 178, 179, 180, 181, 182, 183, 184, 185, 186, 187, 188, 189, 190], [191, 192, 193, 194, 195, 196, 197, 198, 199, 200, 201, 202, 203, 204, 205, 206, 207, 208, 209, 210, 211, 212, 213, 214, 215, 216, 217], [218, 219, 220, 221, 222, 223, 224, 225, 226, 227, 228, 229, 230, 231, 232, 233, 234, 235, 236, 237, 238, 239, 240, 241, 242], [243, 244, 245, 246, 247, 248, 249, 250, 251, 252, 253, 254, 255, 256, 257, 258, 259, 260, 261, 262, 263, 264, 265, 266, 267, 268, 269, 270, 271, 272, 273, 274, 275, 276], [277, 278, 279, 280, 281, 282, 283, 284, 285, 286, 287, 288, 289, 290, 291, 292, 293, 294, 295, 296, 297, 298, 299], [300, 301, 302, 303, 304, 305, 306, 307, 308, 309, 310, 311, 312, 313, 314, 315, 316, 317, 318, 319, 320, 321, 322], [323, 324, 325, 326, 327, 328, 329, 330, 331, 332, 333, 334, 335, 336, 337, 338, 339, 340, 341, 342, 343, 344, 345, 346, 347, 348, 349, 350, 351, 352, 353, 354, 355, 356, 357], [358, 359, 360, 361, 362, 363, 364, 365, 366, 367, 368, 369, 370, 371, 372, 373, 374, 375], [376, 377, 378, 379, 380, 381, 382, 383, 384, 385, 386, 387, 388, 389, 390, 391, 392, 393, 394, 395, 396, 397, 398, 399, 400, 401, 402, 403, 404, 405, 406, 407, 408, 409, 410, 411, 412, 413, 414, 415, 416, 417, 418, 419], [420, 421, 422, 423, 424, 425, 426, 427, 428, 429, 430, 431, 432, 433, 434, 435, 436, 437, 438], [439, 440, 441, 442, 443, 444, 445, 446, 447, 448, 449, 450, 451, 452, 453, 454, 455, 456, 457, 458, 459, 460, 461, 462, 463, 464, 465, 466, 467], [468, 469, 470, 471, 472, 473, 474, 475, 476, 477, 478, 479, 480, 481, 482, 483, 484], [485, 486, 487, 488, 489, 490, 491, 492, 493, 494, 495, 496, 497, 498, 499, 500, 501, 502, 503, 504, 505, 506, 507, 508, 509, 510, 511, 512, 513, 514, 515, 516, 517, 518], [519, 520, 521, 522, 523, 524, 525, 526, 527, 528, 529, 530]], "scores": [[0, 0.38085500000000005, 0.408835, 0.331195, 0.38224, 0.49386, 0.370305, 0.25467, 0.354705, 0.42293, 0.39570000000000005, 0.316225, 0.459525, 0.390215, 0.433465, 0.340465, 0.394835, 0.415225, 0.38788500000000004, 0.275705, 0.56685], [0.38085500000000005, 0, 0.292625, 0.208755, 0.33888, 0.40306, 0.407945, 0.21825, 0.408625, 0.3134, 0.34848999999999997, 0.26435, 0.39756, 0.34588, 0.38629, 0.38153000000000004, 0.34802, 0.35064, 0.31113999999999997, 0.2856, 0.50407], [0.408835, 0.292625, 0, 0.134245, 0.26892, 0.379165, 0.34929, 0.224525, 0.32093499999999997, 0.32730000000000004, 0.28608, 0.3116, 0.31205499999999997, 0.34609999999999996, 0.337545, 0.37917999999999996, 0.32832, 0.36011000000000004, 0.30599, 0.25351, 0.40769999999999995], [0.331195, 0.208755, 0.134245, 0, 0.20118, 0.16643, 0.183415, 0.20016, 0.221065, 0.231105, 0.204485, 0.19605, 0.2226, 0.15890500000000002, 0.23393999999999998, 0.18761, 0.19242, 0.198625, 0.19801, 0.2519, 0.25926], [0.38224, 0.33888, 0.26892, 0.20118, 0, 0.385225, 0.38378999999999996, 0.2414, 0.322315, 0.289545, 0.328665, 0.23107, 0.304555, 0.477475, 0.33105, 0.362235, 0.28891, 0.36968999999999996, 0.315955, 0.34650000000000003, 0.43756500000000004], [0.49386, 0.40306, 0.379165, 0.16643, 0.385225, 0, 0.525265, 0.198465, 0.43445500000000004, 0.29656, 0.398885, 0.24179499999999998, 0.413665, 0.41705000000000003, 0.48611, 0.44658000000000003, 0.468965, 0.41830500000000004, 0.44579, 0.27559999999999996, 0.6249849999999999], [0.370305, 0.407945, 0.34929, 0.183415, 0.38378999999999996, 0.525265, 0, 0.302275, 0.48768, 0.369375, 0.3271, 0.253975, 0.38871500000000003, 0.50144, 0.41612000000000005, 0.52164, 0.45486000000000004, 0.5222899999999999, 0.47389, 0.50564, 0.47238500000000005], [0.25467, 0.21825, 0.224525, 0.20016, 0.2414, 0.198465, 0.302275, 0, 0.35793, 0.282805, 0.28144, 0.30078, 0.299025, 0.312975, 0.233735, 0.331905, 0.25476, 0.32476499999999997, 0.21638000000000002, 0.30783, 0.27032], [0.354705, 0.408625, 0.32093499999999997, 0.221065, 0.322315, 0.43445500000000004, 0.48768, 0.35793, 0, 0.343495, 0.42578, 0.24649, 0.41971, 0.36885500000000004, 0.40021, 0.425285, 0.39968000000000004, 0.385955, 0.35573, 0.351085, 0.534625], [0.42293, 0.3134, 0.32730000000000004, 0.231105, 0.289545, 0.29656, 0.369375, 0.282805, 0.343495, 0, 0.323, 0.285995, 0.42042, 0.413665, 0.29856, 0.43443, 0.323355, 0.400835, 0.26187499999999997, 0.315005, 0.434265], [0.39570000000000005, 0.34848999999999997, 0.28608, 0.204485, 0.328665, 0.398885, 0.3271, 0.28144, 0.42578, 0.323, 0, 0.262475, 0.36934999999999996, 0.3857, 0.394405, 0.39905, 0.321445, 0.386275, 0.351605, 0.26746, 0.482005], [0.316225, 0.26435, 0.3116, 0.19605, 0.23107, 0.24179499999999998, 0.253975, 0.30078, 0.24649, 0.285995, 0.262475, 0, 0.31295, 0.289465, 0.204815, 0.30784999999999996, 0.24782500000000002, 0.32415499999999997, 0.20175500000000002, 0.315085, 0.2958], [0.459525, 0.39756, 0.31205499999999997, 0.2226, 0.304555, 0.413665, 0.38871500000000003, 0.299025, 0.41971, 0.42042, 0.36934999999999996, 0.31295, 0, 0.39233, 0.37634999999999996, 0.37973999999999997, 0.36289499999999997, 0.46696000000000004, 0.30226, 0.27414, 0.526285], [0.390215, 0.34588, 0.34609999999999996, 0.15890500000000002, 0.477475, 0.41705000000000003, 0.50144, 0.312975, 0.36885500000000004, 0.413665, 0.3857, 0.289465, 0.39233, 0, 0.392065, 0.5201899999999999, 0.415885, 0.5214000000000001, 0.33735499999999996, 0.43798000000000004, 0.46913499999999997], [0.433465, 0.38629, 0.337545, 0.23393999999999998, 0.33105, 0.48611, 0.41612000000000005, 0.233735, 0.40021, 0.29856, 0.394405, 0.204815, 0.37634999999999996, 0.392065, 0, 0.39044999999999996, 0.358005, 0.40902499999999997, 0.424825, 0.25474, 0.49715], [0.340465, 0.38153000000000004, 0.37917999999999996, 0.18761, 0.362235, 0.44658000000000003, 0.52164, 0.331905, 0.425285, 0.43443, 0.39905, 0.30784999999999996, 0.37973999999999997, 0.5201899999999999, 0.39044999999999996, 0, 0.367365, 0.49982000000000004, 0.33865, 0.46349, 0.4662], [0.394835, 0.34802, 0.32832, 0.19242, 0.28891, 0.468965, 0.45486000000000004, 0.25476, 0.39968000000000004, 0.323355, 0.321445, 0.24782500000000002, 0.36289499999999997, 0.415885, 0.358005, 0.367365, 0, 0.38136000000000003, 0.46094, 0.251285, 0.41412499999999997], [0.415225, 0.35064, 0.36011000000000004, 0.198625, 0.36968999999999996, 0.41830500000000004, 0.5222899999999999, 0.32476499999999997, 0.385955, 0.400835, 0.386275, 0.32415499999999997, 0.46696000000000004, 0.5214000000000001, 0.40902499999999997, 0.49982000000000004, 0.38136000000000003, 0, 0.367595, 0.46996499999999997, 0.428415], [0.38788500000000004, 0.31113999999999997, 0.30599, 0.19801, 0.315955, 0.44579, 0.47389, 0.21638000000000002, 0.35573, 0.26187499999999997, 0.351605, 0.20175500000000002, 0.30226, 0.33735499999999996, 0.424825, 0.33865, 0.46094, 0.367595, 0, 0.23907, 0.43330499999999994], [0.275705, 0.2856, 0.25351, 0.2519, 0.34650000000000003, 0.27559999999999996, 0.50564, 0.30783, 0.351085, 0.315005, 0.26746, 0.315085, 0.27414, 0.43798000000000004, 0.25474, 0.46349, 0.251285, 0.46996499999999997, 0.23907, 0, 0.282675], [0.56685, 0.50407, 0.40769999999999995, 0.25926, 0.43756500000000004, 0.6249849999999999, 0.47238500000000005, 0.27032, 0.534625, 0.434265, 0.482005, 0.2958, 0.526285, 0.46913499999999997, 0.49715, 0.4662, 0.41412499999999997, 0.428415, 0.43330499999999994, 0.282675, 0]]}}