{"exons": {"units": [[1, 2, 3, 4, 5], [6, 7, 8, 9, 10, 11, 12, 13, 14, 15, 16, 17, 18, 19, 20, 21, 22, 23, 24, 25, 26, 27, 28, 29, 30, 31, 32, 33, 34, 35, 36, 37, 38, 39, 40, 41, 42, 43], [44, 45, 46, 47, 48, 49, 50, 51, 52, 53, 54, 55, 56, 57, 58, 59, 60, 61, 62, 63, 64, 65, 66, 67, 68, 69], [69, 70, 71, 72, 73, 74, 75, 76, 77, 78, 79, 80, 81, 82, 83, 84, 85, 86, 87, 88, 89, 90, 91, 92, 93, 94, 95, 96, 97, 98, 99, 100, 101, 102, 103, 104, 105, 106, 107, 108, 109, 110, 111, 112, 113, 114, 115, 116, 117, 118, 119], [119, 120, 121, 122, 123, 124, 125, 126, 127, 128, 129, 130, 131, 132, 133, 134, 135, 136, 137, 138, 139, 140, 141, 142, 143, 144, 145, 146, 147, 148, 149, 150, 151, 152, 153, 154], [155, 156, 157, 158, 159, 160, 161, 162, 163, 164, 165, 166, 167, 168, 169, 170, 171, 172, 173, 174, 175, 176, 177, 178, 179, 180, 181, 182, 183, 184, 185, 186, 187, 188, 189, 190, 191, 192, 193, 194, 195, 196, 197, 198, 199], [199, 200, 201, 202, 203, 204, 205, 206, 207, 208, 209, 210, 211, 212, 213, 214, 215, 216, 217, 218, 219, 220, 221, 222, 223, 224, 225, 226], [227, 228, 229, 230, 231, 232, 233, 234, 235, 236, 237, 238, 239, 240, 241, 242, 243, 244, 245, 246, 247, 248, 249, 250, 251, 252, 253, 254, 255, 256, 257, 258, 259, 260, 261, 262, 263, 264, 265, 266, 267], [268, 269, 270, 271, 272, 273, 274, 275, 276, 277, 278, 279, 280, 281, 282, 283, 284, 285, 286, 287, 288, 289, 290, 291, 292, 293, 294, 295, 296, 297, 298, 299, 300, 301, 302, 303, 304, 305, 306, 307], [307, 308, 309, 310, 311, 312, 313, 314, 315, 316, 317, 318, 319, 320, 321, 322, 323, 324, 325, 326, 327], [328, 329, 330, 331, 332, 333, 334, 335, 336, 337, 338, 339, 340, 341, 342, 343, 344, 345, 346, 347, 348, 349, 350, 351, 352, 353, 354, 355, 356, 357, 358, 359, 360, 361, 362, 363, 364, 365, 366, 367, 368, 369, 370, 371, 372, 373, 374, 375, 376, 377, 378, 379, 380, 381, 382, 383, 384], [384, 385, 386, 387, 388, 389, 390, 391, 392, 393, 394, 395, 396, 397, 398, 399, 400, 401, 402, 403, 404, 405, 406, 407, 408, 409, 410, 411, 412, 413, 414, 415, 416, 417, 418, 419, 420, 421, 422, 423, 424, 425, 426, 427, 428, 429, 430, 431, 432, 433, 434, 435], [435, 436, 437, 438, 439, 440, 441, 442, 443, 444, 445, 446, 447, 448, 449, 450, 451, 452, 453, 454, 455, 456, 457, 458, 459, 460, 461, 462, 463, 464, 465, 466, 467, 468, 469, 470, 471, 472, 473, 474, 475, 476, 477, 478, 479, 480, 481, 482, 483, 484, 485, 486, 487, 488, 489, 490, 491, 492, 493, 494, 495, 496, 497, 498, 499, 500, 501, 502, 503, 504, 505, 506, 507, 508, 509, 510], [510, 511, 512, 513, 514, 515, 516, 517, 518, 519, 520, 521, 522, 523, 524, 525, 526, 527, 528, 529, 530, 531, 532, 533, 534, 535, 536, 537, 538, 539, 540, 541, 542, 543, 544, 545, 546, 547, 548, 549, 550, 551, 552, 553, 554, 555, 556, 557, 558, 559, 560, 561, 562, 563, 564, 565, 566, 567], [568, 569, 570, 571, 572, 573, 574, 575, 576, 577, 578, 579, 580, 581, 582, 583, 584, 585, 586, 587, 588, 589, 590, 591, 592, 593, 594, 595, 596], [597, 598, 599, 600, 601, 602, 603, 604, 605, 606, 607, 608, 609, 610, 611, 612, 613, 614, 615, 616, 617, 618, 619, 620, 621, 622, 623, 624, 625, 626, 627, 628, 629, 630, 631, 632], [633, 634, 635, 636, 637, 638, 639, 640, 641, 642, 643, 644, 645, 646, 647, 648, 649, 650, 651, 652, 653, 654, 655, 656, 657, 658, 659, 660, 661, 662, 663, 664, 665, 666, 667, 668, 669, 670, 671, 672, 673, 674, 675, 676, 677, 678, 679, 680, 681, 682, 683, 684, 685], [686, 687, 688, 689, 690, 691, 692, 693, 694, 695, 696, 697, 698, 699, 700, 701, 702, 703, 704, 705, 706, 707, 708, 709, 710, 711, 712, 713, 714, 715], [715, 716, 717, 718, 719, 720, 721, 722, 723, 724, 725, 726, 727, 728, 729, 730, 731, 732, 733, 734, 735, 736, 737, 738, 739, 740, 741, 742, 743, 744, 745, 746, 747, 748], [748, 749, 750, 751, 752, 753, 754, 755, 756, 757, 758, 759, 760, 761, 762, 763, 764, 765, 766, 767, 768, 769, 770, 771, 772, 773, 774, 775, 776, 777, 778, 779, 780], [780, 781, 782, 783, 784, 785, 786, 787, 788, 789, 790, 791, 792, 793, 794, 795, 796, 797, 798, 799, 800, 801, 802, 803, 804, 805], [805, 806, 807, 808, 809, 810, 811, 812, 813, 814, 815, 816, 817, 818, 819, 820, 821, 822, 823, 824, 825, 826, 827, 828, 829, 830, 831, 832, 833, 834, 835, 836, 837, 838], [839, 840, 841, 842, 843, 844, 845, 846, 847, 848, 849, 850, 851, 852, 853, 854, 855, 856, 857, 858, 859, 860, 861, 862, 863], [864, 865, 866, 867, 868, 869, 870, 871, 872, 873, 874, 875, 876, 877, 878, 879, 880, 881, 882, 883, 884, 885, 886, 887, 888, 889, 890, 891, 892, 893, 894, 895, 896, 897, 898]], "scores": [[0, 0, 0, 0, 0, 0, 0, 0, 0, 0, 0, 0, 0, 0, 0, 0, 0, 0, 0, 0, 0, 0, 0, 0], [0, 0, 0, 0, 0, 0, 0, 0, 0, 0, 0, 0, 0, 0, 0, 0, 0, 0, 0, 0, 0, 0, 0, 0], [0, 0, 0, 0.308295, 0.379615, 0.320595, 0.27058499999999996, 0.28447999999999996, 0.32848, 0.24464999999999998, 0, 0.31243, 0.287215, 0.320825, 0.33072999999999997, 0.31909, 0.274785, 0.327465, 0.32609, 0.304825, 0.31961, 0.335245, 0.29098, 0.300155], [0, 0, 0.308295, 0, 0.535645, 0.57216, 0.420495, 0.530025, 0.44516, 0.26456, 0, 0.46798, 0.59415, 0.40581500000000004, 0.36480999999999997, 0.53729, 0.5165150000000001, 0.48752, 0.424655, 0.514355, 0.369705, 0.420755, 0.37644, 0.33545], [0, 0, 0.379615, 0.535645, 0, 0.603815, 0.332955, 0.44423500000000005, 0.40003, 0.26332500000000003, 0, 0.460205, 0.491045, 0.417285, 0.354515, 0.43786, 0.415705, 0.405745, 0.38736499999999996, 0.45585, 0.4084, 0.43514, 0.330535, 0.399705], [0, 0, 0.320595, 0.57216, 0.603815, 0, 0.342885, 0.40085000000000004, 0.37383500000000003, 0.28562, 0, 0.42002, 0.503885, 0.369615, 0.345555, 0.43074, 0.43640999999999996, 0.37761500000000003, 0.37587499999999996, 0.47265999999999997, 0.411605, 0.39946000000000004, 0.34042, 0.34554], [0, 0, 0.27058499999999996, 0.420495, 0.332955, 0.342885, 0, 0.60136, 0.40425, 0.323955, 0, 0.39814499999999997, 0.31113999999999997, 0.389995, 0.36978500000000003, 0.40356000000000003, 0.39287, 0.51457, 0.382235, 0.367705, 0.383995, 0.346885, 0.40745, 0.324855], [0, 0, 0.28447999999999996, 0.530025, 0.44423500000000005, 0.40085000000000004, 0.60136, 0, 0.62336, 0.324635, 0, 0.480335, 0.512225, 0.49204000000000003, 0.37704, 0.430585, 0.49751500000000004, 0.70423, 0.546235, 0.39426, 0.450005, 0.514975, 0.421585, 0.357405], [0, 0, 0.32848, 0.44516, 0.40003, 0.37383500000000003, 0.40425, 0.62336, 0, 0.34435499999999997, 0, 0.49529, 0.51595, 0.42678000000000005, 0.341635, 0.33092, 0.46923000000000004, 0.587765, 0.57297, 0.355135, 0.31971499999999997, 0.44584, 0.332245, 0.358615], [0, 0, 0.24464999999999998, 0.26456, 0.26332500000000003, 0.28562, 0.323955, 0.324635, 0.34435499999999997, 0, 0, 0.294315, 0.23732999999999999, 0.257155, 0.311035, 0.327635, 0.28324, 0.357965, 0.34091499999999997, 0.28763, 0.29951, 0.315585, 0.29791999999999996, 0.27083], [0, 0, 0, 0, 0, 0, 0, 0, 0, 0, 0, 0, 0, 0, 0, 0, 0, 0, 0, 0, 0, 0, 0, 0], [0, 0, 0.31243, 0.46798, 0.460205, 0.42002, 0.39814499999999997, 0.480335, 0.49529, 0.294315, 0, 0, 0.464755, 0.58124, 0.36190500000000003, 0.396845, 0.49265000000000003, 0.45002000000000003, 0.544995, 0.44855500000000004, 0.2972, 0.403655, 0.30291, 0.44794500000000004], [0, 0, 0.287215, 0.59415, 0.491045, 0.503885, 0.31113999999999997, 0.512225, 0.51595, 0.23732999999999999, 0, 0.464755, 0, 0.52682, 0.330375, 0.413555, 0.47687999999999997, 0.433575, 0.521105, 0.47319500000000003, 0.28495, 0.42376, 0.30721, 0.3266], [0, 0, 0.320825, 0.40581500000000004, 0.417285, 0.369615, 0.389995, 0.49204000000000003, 0.42678000000000005, 0.257155, 0, 0.58124, 0.52682, 0, 0.45504500000000003, 0.48234, 0.42295499999999997, 0.43638999999999994, 0.5234449999999999, 0.446795, 0.32333, 0.46626999999999996, 0.34653999999999996, 0.39616], [0, 0, 0.33072999999999997, 0.36480999999999997, 0.354515, 0.345555, 0.36978500000000003, 0.37704, 0.341635, 0.311035, 0, 0.36190500000000003, 0.330375, 0.45504500000000003, 0, 0.383165, 0.41513500000000003, 0.41236, 0.37415, 0.471335, 0.320125, 0.38956999999999997, 0.33911, 0.32476499999999997], [0, 0, 0.31909, 0.53729, 0.43786, 0.43074, 0.40356000000000003, 0.430585, 0.33092, 0.327635, 0, 0.396845, 0.413555, 0.48234, 0.383165, 0, 0.44855999999999996, 0.48851, 0.46184000000000003, 0.511465, 0.42951, 0.48655, 0.33667, 0.41408500000000004], [0, 0, 0.274785, 0.5165150000000001, 0.415705, 0.43640999999999996, 0.39287, 0.49751500000000004, 0.46923000000000004, 0.28324, 0, 0.49265000000000003, 0.47687999999999997, 0.42295499999999997, 0.41513500000000003, 0.44855999999999996, 0, 0.511845, 0.40298500000000004, 0.387175, 0.397865, 0.461865, 0.38348, 0.34703], [0, 0, 0.327465, 0.48752, 0.405745, 0.37761500000000003, 0.51457, 0.70423, 0.587765, 0.357965, 0, 0.45002000000000003, 0.433575, 0.43638999999999994, 0.41236, 0.48851, 0.511845, 0, 0.53805, 0.46760999999999997, 0.438285, 0.528505, 0.43671000000000004, 0.30393499999999996], [0, 0, 0.32609, 0.424655, 0.38736499999999996, 0.37587499999999996, 0.382235, 0.546235, 0.57297, 0.34091499999999997, 0, 0.544995, 0.521105, 0.5234449999999999, 0.37415, 0.46184000000000003, 0.40298500000000004, 0.53805, 0, 0.416005, 0.33265, 0.52037, 0.32636, 0.33564], [0, 0, 0.304825, 0.514355, 0.45585, 0.47265999999999997, 0.367705, 0.39426, 0.355135, 0.28763, 0, 0.44855500000000004, 0.47319500000000003, 0.446795, 0.471335, 0.511465, 0.387175, 0.46760999999999997, 0.416005, 0, 0.367495, 0.40873499999999996, 0.359225, 0.30123], [0, 0, 0.31961, 0.369705, 0.4084, 0.411605, 0.383995, 0.450005, 0.31971499999999997, 0.29951, 0, 0.2972, 0.28495, 0.32333, 0.320125, 0.42951, 0.397865, 0.438285, 0.33265, 0.367495, 0, 0.43904, 0.355865, 0.265355], [0, 0, 0.335245, 0.420755, 0.43514, 0.39946000000000004, 0.346885, 0.514975, 0.44584, 0.315585, 0, 0.403655, 0.42376, 0.46626999999999996, 0.38956999999999997, 0.48655, 0.461865, 0.528505, 0.52037, 0.40873499999999996, 0.43904, 0, 0.34814999999999996, 0.31], [0, 0, 0.29098, 0.37644, 0.330535, 0.34042, 0.40745, 0.421585, 0.332245, 0.29791999999999996, 0, 0.30291, 0.30721, 0.34653999999999996, 0.33911, 0.33667, 0.38348, 0.43671000000000004, 0.32636, 0.359225, 0.355865, 0.34814999999999996, 0, 0.35129], [0, 0, 0.300155, 0.33545, 0.399705, 0.34554, 0.324855, 0.357405, 0.358615, 0.27083, 0, 0.44794500000000004, 0.3266, 0.39616, 0.32476499999999997, 0.41408500000000004, 0.34703, 0.30393499999999996, 0.33564, 0.30123, 0.265355, 0.31, 0.35129, 0]]}, "units": {"units": [[68, 69, 70, 71, 72, 73, 74, 75, 76, 77, 78, 79, 80, 81, 82, 83, 84, 85, 86, 87, 88, 89, 90, 91, 92, 93, 94, 95, 96, 97, 98, 99, 100, 101, 102, 103, 104, 105, 106, 107, 108], [109, 110, 111, 112, 113, 114, 115, 116, 117, 118, 119, 120, 121, 122, 123, 124, 125, 126, 127, 128, 129, 130, 131, 132, 133, 134, 135, 136, 137, 138, 139, 140, 141, 142, 143, 144, 145, 146], [147, 148, 149, 150, 151, 152, 153, 154, 155, 156, 157, 158, 159, 160, 161, 162, 163, 164, 165, 166, 167, 168, 169, 170, 171, 172, 173, 174, 175, 176, 177, 178, 179, 180, 181, 182, 183, 184, 185, 186, 187, 188, 189, 190, 191], [192, 193, 194, 195, 196, 197, 198, 199, 200, 201, 202, 203, 204, 205, 206, 207, 208, 209, 210, 211, 212, 213, 214, 215, 216, 217, 218, 219, 220, 221, 222, 223, 224, 225, 226, 227, 228, 229, 230, 231, 232, 233], [234, 235, 236, 237, 238, 239, 240, 241, 242, 243, 244, 245, 246, 247, 248, 249, 250, 251, 252, 253, 254, 255, 256, 257, 258, 259, 260, 261, 262, 263, 264, 265, 266, 267, 268, 269, 270, 271, 272, 273, 274, 275], [276, 277, 278, 279, 280, 281, 282, 283, 284, 285, 286, 287, 288, 289, 290, 291, 292, 293, 294, 295, 296, 297, 298, 299, 300, 301, 302, 303, 304, 305, 306, 307, 308, 309, 310, 311, 312, 313, 314, 315, 316], [317, 318, 319, 320, 321, 322, 323, 324, 325, 326, 327, 328, 329, 330, 331, 332, 333, 334, 335, 336, 337, 338, 339, 340, 341, 342, 343, 344, 345, 346, 347, 348, 349, 350, 351, 352, 353, 354, 355, 356, 357, 358, 359, 360, 361, 362, 363, 364, 365, 366, 367, 368, 369, 370, 371, 372, 373, 374, 375, 376, 377, 378, 379, 380], [381, 382, 383, 384, 385, 386, 387, 388, 389, 390, 391, 392, 393, 394, 395, 396, 397, 398, 399, 400, 401, 402, 403, 404, 405, 406, 407, 408, 409, 410, 411, 412, 413, 414, 415], [416, 417, 418, 419, 420, 421, 422, 423, 424, 425, 426, 427, 428, 429, 430, 431, 432, 433, 434, 435, 436, 437, 438, 439, 440, 441, 442, 443, 444, 445, 446, 447, 448, 449, 450, 451, 452, 453, 454, 455, 456], [457, 458, 459, 460, 461, 462, 463, 464, 465, 466, 467, 468, 469, 470, 471, 472, 473, 474, 475, 476, 477, 478, 479, 480, 481, 482, 483, 484, 485, 486, 487, 488, 489, 490, 491, 492, 493, 494, 495, 496, 497, 498, 499, 500, 501], [502, 503, 504, 505, 506, 507, 508, 509, 510, 511, 512, 513, 514, 515, 516, 517, 518, 519, 520, 521, 522, 523, 524, 525, 526, 527, 528, 529, 530, 531, 532, 533, 534, 535, 536, 537, 538, 539], [540, 541, 542, 543, 544, 545, 546, 547, 548, 549, 550, 551, 552, 553, 554, 555, 556, 557, 558, 559, 560, 561, 562, 563, 564, 565, 566, 567, 568, 569, 570, 571, 572, 573, 574, 575, 576, 577, 578, 579, 580, 581, 582, 583, 584], [585, 586, 587, 588, 589, 590, 591, 592, 593, 594, 595, 596, 597, 598, 599, 600, 601, 602, 603, 604, 605, 606, 607, 608, 609, 610, 611, 612, 613, 614, 615, 616, 617, 618, 619, 620, 621, 622, 623, 624, 625, 626, 627, 628, 629, 630, 631, 632, 633, 634, 635, 636, 637, 638], [639, 640, 641, 642, 643, 644, 645, 646, 647, 648, 649, 650, 651, 652, 653, 654, 655, 656, 657, 658, 659, 660, 661, 662, 663, 664, 665, 666, 667, 668, 669, 670, 671, 672, 673, 674, 675, 676, 677, 678, 679, 680, 681, 682, 683, 684, 685], [686, 687, 688, 689, 690, 691, 692, 693, 694, 695, 696, 697, 698, 699, 700, 701, 702, 703, 704, 705, 706, 707, 708, 709, 710, 711, 712, 713, 714, 715, 716, 717, 718, 719, 720, 721, 722, 723, 724, 725, 726, 727, 728, 729], [730, 731, 732, 733, 734, 735, 736, 737, 738, 739, 740, 741, 742, 743, 744, 745, 746, 747, 748, 749, 750, 751, 752, 753, 754, 755, 756, 757, 758, 759, 760, 761, 762, 763, 764, 765, 766, 767, 768, 769], [770, 771, 772, 773, 774, 775, 776, 777, 778, 779, 780, 781, 782, 783, 784, 785, 786, 787, 788, 789, 790, 791, 792, 793, 794, 795, 796, 797, 798, 799, 800, 801, 802, 803, 804, 805, 806, 807, 808, 809, 810, 811, 812, 813], [814, 815, 816, 817, 818, 819, 820, 821, 822, 823, 824, 825, 826, 827, 828, 829, 830, 831, 832, 833, 834, 835, 836, 837, 838, 839, 840, 841, 842, 843, 844, 845, 846, 847, 848, 849, 850, 851, 852, 853, 854, 855, 856]], "scores": [[0, 0.5740700000000001, 0.5990949999999999, 0.5846100000000001, 0.63121, 0.56398, 0.28769, 0.491035, 0.6458, 0.5391900000000001, 0.5591, 0.5683400000000001, 0.621155, 0.5696749999999999, 0.598625, 0.589065, 0.54851, 0.566955], [0.5740700000000001, 0, 0.57532, 0.556405, 0.6010800000000001, 0.54511, 0.25243499999999996, 0.54989, 0.6017, 0.53893, 0.57903, 0.54584, 0.51322, 0.54928, 0.612895, 0.585035, 0.55915, 0.565115], [0.5990949999999999, 0.57532, 0, 0.56365, 0.62064, 0.62755, 0.255215, 0.53716, 0.604525, 0.52852, 0.62278, 0.57935, 0.56653, 0.55572, 0.541345, 0.54617, 0.5545599999999999, 0.550535], [0.5846100000000001, 0.556405, 0.56365, 0, 0.77022, 0.65559, 0.23722500000000002, 0.449845, 0.718355, 0.668655, 0.5884149999999999, 0.53564, 0.61537, 0.57836, 0.713445, 0.6381749999999999, 0.5485249999999999, 0.57851], [0.63121, 0.6010800000000001, 0.62064, 0.77022, 0, 0.7241299999999999, 0.25532499999999997, 0.487715, 0.8080849999999999, 0.7158450000000001, 0.609835, 0.553175, 0.614865, 0.62278, 0.7899700000000001, 0.669195, 0.59951, 0.61706], [0.56398, 0.54511, 0.62755, 0.65559, 0.7241299999999999, 0, 0.27143, 0.46821, 0.7729, 0.6103449999999999, 0.61999, 0.5539499999999999, 0.56793, 0.659495, 0.70956, 0.66629, 0.538565, 0.59432], [0.28769, 0.25243499999999996, 0.255215, 0.23722500000000002, 0.25532499999999997, 0.27143, 0, 0.280885, 0.24222500000000002, 0.258145, 0.26795, 0.25297000000000003, 0.23343000000000003, 0.255335, 0.23743, 0.282865, 0.252915, 0.251875], [0.491035, 0.54989, 0.53716, 0.449845, 0.487715, 0.46821, 0.280885, 0, 0.523735, 0.438785, 0.58728, 0.574615, 0.48902, 0.60388, 0.51081, 0.58569, 0.494545, 0.524255], [0.6458, 0.6017, 0.604525, 0.718355, 0.8080849999999999, 0.7729, 0.24222500000000002, 0.523735, 0, 0.65733, 0.6117950000000001, 0.5460849999999999, 0.640715, 0.62903, 0.779415, 0.7132350000000001, 0.62025, 0.60707], [0.5391900000000001, 0.53893, 0.52852, 0.668655, 0.7158450000000001, 0.6103449999999999, 0.258145, 0.438785, 0.65733, 0, 0.586885, 0.54247, 0.550535, 0.59842, 0.64028, 0.5963149999999999, 0.5425800000000001, 0.54355], [0.5591, 0.57903, 0.62278, 0.5884149999999999, 0.609835, 0.61999, 0.26795, 0.58728, 0.6117950000000001, 0.586885, 0, 0.68797, 0.57585, 0.593575, 0.54932, 0.6407149999999999, 0.55426, 0.6949749999999999], [0.5683400000000001, 0.54584, 0.57935, 0.53564, 0.553175, 0.5539499999999999, 0.25297000000000003, 0.574615, 0.5460849999999999, 0.54247, 0.68797, 0, 0.56521, 0.566385, 0.5525150000000001, 0.5949800000000001, 0.44567500000000004, 0.5751999999999999], [0.621155, 0.51322, 0.56653, 0.61537, 0.614865, 0.56793, 0.23343000000000003, 0.48902, 0.640715, 0.550535, 0.57585, 0.56521, 0, 0.5626150000000001, 0.60244, 0.717165, 0.54273, 0.549385], [0.5696749999999999, 0.54928, 0.55572, 0.57836, 0.62278, 0.659495, 0.255335, 0.60388, 0.62903, 0.59842, 0.593575, 0.566385, 0.5626150000000001, 0, 0.66987, 0.686535, 0.549525, 0.5963099999999999], [0.598625, 0.612895, 0.541345, 0.713445, 0.7899700000000001, 0.70956, 0.23743, 0.51081, 0.779415, 0.64028, 0.54932, 0.5525150000000001, 0.60244, 0.66987, 0, 0.712465, 0.64697, 0.630865], [0.589065, 0.585035, 0.54617, 0.6381749999999999, 0.669195, 0.66629, 0.282865, 0.58569, 0.7132350000000001, 0.5963149999999999, 0.6407149999999999, 0.5949800000000001, 0.717165, 0.686535, 0.712465, 0, 0.62258, 0.61253], [0.54851, 0.55915, 0.5545599999999999, 0.5485249999999999, 0.59951, 0.538565, 0.252915, 0.494545, 0.62025, 0.5425800000000001, 0.55426, 0.44567500000000004, 0.54273, 0.549525, 0.64697, 0.62258, 0, 0.61226], [0.566955, 0.565115, 0.550535, 0.57851, 0.61706, 0.59432, 0.251875, 0.524255, 0.60707, 0.54355, 0.6949749999999999, 0.5751999999999999, 0.549385, 0.5963099999999999, 0.630865, 0.61253, 0.61226, 0]]}}