{"exons": {"units": [[1, 2, 3, 4, 5, 6, 7, 8, 9, 10, 11, 12, 13, 14, 15, 16, 17, 18, 19, 20, 21, 22, 23, 24, 25, 26], [27, 28, 29, 30, 31, 32, 33, 34, 35, 36, 37, 38, 39, 40, 41, 42, 43, 44, 45, 46, 47, 48, 49, 50, 51, 52, 53, 54, 55, 56, 57], [57, 58, 59, 60, 61, 62, 63, 64, 65, 66, 67, 68, 69, 70, 71, 72, 73, 74, 75, 76, 77, 78, 79, 80, 81, 82, 83, 84, 85, 86, 87, 88, 89, 90], [91, 92, 93, 94, 95, 96, 97, 98, 99, 100, 101, 102, 103, 104, 105, 106, 107, 108, 109, 110, 111, 112, 113, 114, 115, 116, 117, 118, 119, 120, 121, 122, 123, 124, 125, 126, 127, 128, 129, 130, 131, 132, 133, 134, 135, 136, 137, 138, 139, 140, 141, 142, 143, 144, 145, 146, 147, 148, 149, 150, 151, 152, 153, 154, 155, 156, 157, 158, 159, 160, 161, 162, 163, 164, 165, 166, 167, 168], [168, 169, 170, 171, 172, 173, 174, 175, 176, 177, 178, 179, 180, 181, 182, 183, 184, 185, 186, 187, 188, 189, 190, 191, 192, 193, 194, 195, 196, 197, 198, 199, 200, 201, 202, 203, 204, 205, 206, 207, 208, 209, 210, 211, 212, 213, 214, 215, 216, 217], [218, 219, 220, 221, 222, 223, 224, 225, 226, 227, 228, 229, 230, 231, 232, 233, 234, 235, 236, 237, 238, 239, 240, 241, 242, 243, 244, 245, 246, 247, 248, 249, 250, 251, 252, 253, 254, 255, 256, 257, 258, 259, 260, 261, 262, 263, 264, 265, 266, 267, 268, 269], [270, 271, 272, 273, 274, 275, 276, 277, 278, 279, 280, 281, 282, 283, 284, 285, 286, 287, 288, 289, 290, 291, 292, 293, 294, 295, 296, 297, 298, 299, 300, 301, 302, 303, 304, 305, 306, 307, 308], [308, 309, 310, 311, 312, 313, 314, 315, 316, 317, 318, 319, 320, 321, 322, 323, 324, 325, 326, 327, 328, 329, 330, 331], [332, 333, 334, 335, 336, 337, 338, 339, 340, 341, 342, 343, 344, 345, 346, 347, 348, 349, 350, 351, 352, 353, 354, 355, 356, 357, 358, 359, 360, 361, 362, 363, 364, 365, 366, 367, 368, 369, 370, 371, 372, 373, 374, 375, 376], [377, 378, 379, 380, 381, 382, 383, 384, 385, 386, 387, 388, 389, 390, 391, 392, 393, 394, 395, 396, 397, 398, 399, 400, 401, 402, 403, 404, 405, 406, 407, 408, 409, 410, 411, 412, 413, 414, 415, 416, 417, 418, 419, 420, 421, 422, 423, 424, 425, 426, 427, 428, 429, 430, 431, 432, 433, 434], [435, 436, 437, 438, 439, 440, 441, 442, 443, 444, 445, 446, 447, 448, 449, 450, 451, 452, 453, 454, 455], [455, 456, 457, 458, 459, 460, 461, 462, 463, 464, 465, 466, 467, 468, 469, 470, 471, 472, 473, 474, 475, 476, 477, 478, 479, 480, 481, 482, 483, 484, 485, 486, 487, 488, 489, 490, 491, 492, 493, 494, 495, 496, 497, 498, 499, 500, 501, 502, 503, 504, 505, 506], [507, 508, 509, 510, 511, 512, 513, 514, 515, 516, 517, 518, 519, 520, 521, 522, 523, 524, 525, 526, 527, 528, 529, 530, 531, 532, 533, 534, 535, 536, 537, 538, 539, 540, 541, 542, 543, 544, 545, 546, 547, 548, 549, 550, 551, 552, 553, 554], [554, 555, 556, 557, 558, 559, 560, 561, 562, 563, 564, 565, 566, 567, 568, 569, 570, 571, 572, 573, 574, 575, 576, 577, 578, 579, 580, 581, 582, 583, 584, 585], [585, 586, 587, 588, 589]], "scores": [[0, 0, 0, 0, 0, 0, 0, 0, 0, 0, 0, 0, 0, 0, 0], [0, 0, 0.37561500000000003, 0.4188, 0.47867499999999996, 0.388615, 0.465795, 0.250525, 0.46838, 0.43399, 0.341275, 0.509495, 0.38385, 0.391645, 0.33919499999999997], [0, 0.37561500000000003, 0, 0.43123999999999996, 0.484755, 0.42879500000000004, 0.46289, 0.26788, 0.52519, 0.39309, 0.298125, 0.4592, 0.422025, 0.438905, 0.34363499999999997], [0, 0.4188, 0.43123999999999996, 0, 0.528235, 0.55006, 0.506155, 0.22947, 0.48612500000000003, 0.56042, 0.26155, 0.575145, 0.56355, 0.45689, 0.30201500000000003], [0, 0.47867499999999996, 0.484755, 0.528235, 0, 0.620655, 0.464655, 0.30205000000000004, 0.7410300000000001, 0.5524800000000001, 0.312365, 0.45926999999999996, 0.492715, 0.40876, 0.330705], [0, 0.388615, 0.42879500000000004, 0.55006, 0.620655, 0, 0.54577, 0.27995000000000003, 0.637505, 0.65438, 0.321395, 0.5002, 0.52066, 0.43861, 0.3164], [0, 0.465795, 0.46289, 0.506155, 0.464655, 0.54577, 0, 0.262995, 0.460995, 0.600005, 0.355185, 0.506585, 0.601835, 0.614865, 0.30088], [0, 0.250525, 0.26788, 0.22947, 0.30205000000000004, 0.27995000000000003, 0.262995, 0, 0.21804500000000002, 0.26572, 0.20533, 0.34430499999999997, 0.29646, 0.282075, 0.275355], [0, 0.46838, 0.52519, 0.48612500000000003, 0.7410300000000001, 0.637505, 0.460995, 0.21804500000000002, 0, 0.566565, 0.35888, 0.45089999999999997, 0.49790999999999996, 0.39379, 0.26082], [0, 0.43399, 0.39309, 0.56042, 0.5524800000000001, 0.65438, 0.600005, 0.26572, 0.566565, 0, 0.32865, 0.5959049999999999, 0.63034, 0.576415, 0.25265], [0, 0.341275, 0.298125, 0.26155, 0.312365, 0.321395, 0.355185, 0.20533, 0.35888, 0.32865, 0, 0.33251, 0.268555, 0.265515, 0.33223500000000006], [0, 0.509495, 0.4592, 0.575145, 0.45926999999999996, 0.5002, 0.506585, 0.34430499999999997, 0.45089999999999997, 0.5959049999999999, 0.33251, 0, 0.62079, 0.561205, 0.292815], [0, 0.38385, 0.422025, 0.56355, 0.492715, 0.52066, 0.601835, 0.29646, 0.49790999999999996, 0.63034, 0.268555, 0.62079, 0, 0.66621, 0.29718], [0, 0.391645, 0.438905, 0.45689, 0.40876, 0.43861, 0.614865, 0.282075, 0.39379, 0.576415, 0.265515, 0.561205, 0.66621, 0, 0.35700499999999996], [0, 0.33919499999999997, 0.34363499999999997, 0.30201500000000003, 0.330705, 0.3164, 0.30088, 0.275355, 0.26082, 0.25265, 0.33223500000000006, 0.292815, 0.29718, 0.35700499999999996, 0]]}, "units": {"units": [[46, 47, 48, 49, 50, 51, 52, 53, 54, 55, 56, 57, 58, 59, 60, 61, 62, 63, 64, 65, 66, 67, 68, 69, 70, 71, 72, 73, 74, 75, 76, 77, 78, 79, 80, 81, 82], [83, 84, 85, 86, 87, 88, 89, 90, 91, 92, 93, 94, 95, 96, 97, 98, 99, 100, 101, 102, 103, 104, 105, 106, 107, 108, 109, 110, 111, 112, 113, 114, 115, 116, 117, 118, 119], [120, 121, 122, 123, 124, 125, 126, 127, 128, 129, 130, 131, 132, 133, 134, 135, 136, 137, 138, 139, 140, 141, 142, 143, 144, 145, 146, 147, 148, 149, 150, 151, 152, 153, 154, 155, 156, 157, 158, 159], [160, 161, 162, 163, 164, 165, 166, 167, 168, 169, 170, 171, 172, 173, 174, 175, 176, 177, 178, 179, 180, 181, 182, 183, 184, 185, 186, 187, 188, 189, 190, 191, 192, 193, 194, 195, 196, 197], [198, 199, 200, 201, 202, 203, 204, 205, 206, 207, 208, 209, 210, 211, 212, 213, 214, 215, 216, 217, 218, 219, 220, 221, 222, 223, 224, 225, 226, 227, 228, 229, 230, 231, 232, 233, 234, 235], [236, 237, 238, 239, 240, 241, 242, 243, 244, 245, 246, 247, 248, 249, 250, 251, 252, 253, 254, 255, 256, 257, 258, 259, 260, 261, 262, 263, 264, 265, 266, 267, 268, 269, 270, 271, 272, 273], [274, 275, 276, 277, 278, 279, 280, 281, 282, 283, 284, 285, 286, 287, 288, 289, 290, 291, 292, 293, 294, 295, 296, 297, 298, 299, 300, 301, 302, 303, 304, 305, 306, 307, 308, 309, 310, 311, 312, 313], [314, 315, 316, 317, 318, 319, 320, 321, 322, 323, 324, 325, 326, 327, 328, 329, 330, 331, 332, 333, 334, 335, 336, 337, 338, 339, 340, 341, 342, 343, 344, 345, 346, 347, 348, 349, 350, 351, 352, 353, 354, 355, 356], [357, 358, 359, 360, 361, 362, 363, 364, 365, 366, 367, 368, 369, 370, 371, 372, 373, 374, 375, 376, 377, 378, 379, 380, 381, 382, 383, 384, 385, 386, 387, 388, 389, 390, 391, 392, 393, 394, 395, 396], [397, 398, 399, 400, 401, 402, 403, 404, 405, 406, 407, 408, 409, 410, 411, 412, 413, 414, 415, 416, 417, 418, 419, 420, 421, 422, 423, 424, 425, 426, 427, 428, 429, 430, 431, 432, 433, 434], [435, 436, 437, 438, 439, 440, 441, 442, 443, 444, 445, 446, 447, 448, 449, 450, 451, 452, 453, 454, 455, 456, 457, 458, 459, 460, 461, 462, 463, 464, 465, 466, 467, 468, 469, 470, 471, 472, 473], [474, 475, 476, 477, 478, 479, 480, 481, 482, 483, 484, 485, 486, 487, 488, 489, 490, 491, 492, 493, 494, 495, 496, 497, 498, 499, 500, 501, 502, 503, 504, 505, 506, 507, 508, 509, 510, 511, 512], [513, 514, 515, 516, 517, 518, 519, 520, 521, 522, 523, 524, 525, 526, 527, 528, 529, 530, 531, 532, 533, 534, 535, 536, 537, 538, 539, 540, 541, 542, 543, 544, 545, 546, 547, 548, 549, 550, 551, 552], [553, 554, 555, 556, 557, 558, 559, 560, 561, 562, 563, 564, 565, 566, 567, 568, 569, 570, 571, 572, 573, 574, 575, 576, 577, 578, 579, 580, 581, 582, 583, 584, 585]], "scores": [[0, 0.49059, 0.443975, 0.54252, 0.57843, 0.441235, 0.607345, 0.5613999999999999, 0.55684, 0.57731, 0.5914349999999999, 0.48517, 0.5446949999999999, 0.552415], [0.49059, 0, 0.5159849999999999, 0.57452, 0.68449, 0.504725, 0.589105, 0.569225, 0.6011599999999999, 0.63348, 0.64026, 0.61647, 0.676375, 0.702985], [0.443975, 0.5159849999999999, 0, 0.5690200000000001, 0.7087, 0.578975, 0.589035, 0.592395, 0.67597, 0.5530299999999999, 0.570905, 0.571745, 0.616845, 0.559055], [0.54252, 0.57452, 0.5690200000000001, 0, 0.65041, 0.67074, 0.704915, 0.583385, 0.6440049999999999, 0.65093, 0.624305, 0.49738, 0.570725, 0.543555], [0.57843, 0.68449, 0.7087, 0.65041, 0, 0.55838, 0.717815, 0.64374, 0.73532, 0.7008, 0.68306, 0.66239, 0.733765, 0.684335], [0.441235, 0.504725, 0.578975, 0.67074, 0.55838, 0, 0.622995, 0.55403, 0.61094, 0.60499, 0.596125, 0.53196, 0.48348, 0.481965], [0.607345, 0.589105, 0.589035, 0.704915, 0.717815, 0.622995, 0, 0.66757, 0.72193, 0.716885, 0.673, 0.5675250000000001, 0.6255299999999999, 0.622845], [0.5613999999999999, 0.569225, 0.592395, 0.583385, 0.64374, 0.55403, 0.66757, 0, 0.7710699999999999, 0.69609, 0.64201, 0.57965, 0.6359699999999999, 0.619775], [0.55684, 0.6011599999999999, 0.67597, 0.6440049999999999, 0.73532, 0.61094, 0.72193, 0.7710699999999999, 0, 0.719815, 0.708975, 0.6172249999999999, 0.703665, 0.643235], [0.57731, 0.63348, 0.5530299999999999, 0.65093, 0.7008, 0.60499, 0.716885, 0.69609, 0.719815, 0, 0.687775, 0.56706, 0.6674249999999999, 0.67076], [0.5914349999999999, 0.64026, 0.570905, 0.624305, 0.68306, 0.596125, 0.673, 0.64201, 0.708975, 0.687775, 0, 0.6850849999999999, 0.69409, 0.655815], [0.48517, 0.61647, 0.571745, 0.49738, 0.66239, 0.53196, 0.5675250000000001, 0.57965, 0.6172249999999999, 0.56706, 0.6850849999999999, 0, 0.7760549999999999, 0.63931], [0.5446949999999999, 0.676375, 0.616845, 0.570725, 0.733765, 0.48348, 0.6255299999999999, 0.6359699999999999, 0.703665, 0.6674249999999999, 0.69409, 0.7760549999999999, 0, 0.7284550000000001], [0.552415, 0.702985, 0.559055, 0.543555, 0.684335, 0.481965, 0.622845, 0.619775, 0.643235, 0.67076, 0.655815, 0.63931, 0.7284550000000001, 0]]}}