{"exons": {"units": [[1, 2, 3, 4, 5, 6, 7, 8, 9, 10, 11, 12, 13, 14, 15, 16, 17, 18, 19, 20, 21, 22, 23, 24, 25, 26], [27, 28, 29, 30, 31, 32, 33, 34, 35, 36, 37, 38, 39, 40, 41, 42, 43, 44, 45, 46, 47, 48, 49, 50, 51, 52, 53, 54, 55, 56, 57], [57, 58, 59, 60, 61, 62, 63, 64, 65, 66, 67, 68, 69, 70, 71, 72, 73, 74, 75, 76, 77, 78, 79, 80, 81, 82, 83, 84, 85, 86, 87, 88, 89, 90], [91, 92, 93, 94, 95, 96, 97, 98, 99, 100, 101, 102, 103, 104, 105, 106, 107, 108, 109, 110, 111, 112, 113, 114, 115, 116, 117, 118, 119, 120, 121, 122, 123, 124, 125, 126, 127, 128, 129, 130, 131, 132, 133, 134, 135, 136, 137, 138, 139, 140, 141, 142, 143, 144, 145, 146, 147, 148, 149, 150, 151, 152, 153, 154, 155, 156, 157, 158, 159, 160, 161, 162, 163, 164, 165, 166, 167, 168], [168, 169, 170, 171, 172, 173, 174, 175, 176, 177, 178, 179, 180, 181, 182, 183, 184, 185, 186, 187, 188, 189, 190, 191, 192, 193, 194, 195, 196, 197, 198, 199, 200, 201, 202, 203, 204, 205, 206, 207, 208, 209, 210, 211, 212, 213, 214, 215, 216, 217], [218, 219, 220, 221, 222, 223, 224, 225, 226, 227, 228, 229, 230, 231, 232, 233, 234, 235, 236, 237, 238, 239, 240, 241, 242, 243, 244, 245, 246, 247, 248, 249, 250, 251, 252, 253, 254, 255, 256, 257, 258, 259, 260, 261, 262, 263, 264, 265, 266, 267, 268, 269], [270, 271, 272, 273, 274, 275, 276, 277, 278, 279, 280, 281, 282, 283, 284, 285, 286, 287, 288, 289, 290, 291, 292, 293, 294, 295, 296, 297, 298, 299, 300, 301, 302, 303, 304, 305, 306, 307, 308], [308, 309, 310, 311, 312, 313, 314, 315, 316, 317, 318, 319, 320, 321, 322, 323, 324, 325, 326, 327, 328, 329, 330, 331], [332, 333, 334, 335, 336, 337, 338, 339, 340, 341, 342, 343, 344, 345, 346, 347, 348, 349, 350, 351, 352, 353, 354, 355, 356, 357, 358, 359, 360, 361, 362, 363, 364, 365, 366, 367, 368, 369, 370, 371, 372, 373, 374, 375, 376], [377, 378, 379, 380, 381, 382, 383, 384, 385, 386, 387, 388, 389, 390, 391, 392, 393, 394, 395, 396, 397, 398, 399, 400, 401, 402, 403, 404, 405, 406, 407, 408, 409, 410, 411, 412, 413, 414, 415, 416, 417, 418, 419, 420, 421, 422, 423, 424, 425, 426, 427, 428, 429, 430, 431, 432, 433, 434], [435, 436, 437, 438, 439, 440, 441, 442, 443, 444, 445, 446, 447, 448, 449, 450, 451, 452, 453, 454, 455], [455, 456, 457, 458, 459, 460, 461, 462, 463, 464, 465, 466, 467, 468, 469, 470, 471, 472, 473, 474, 475, 476, 477, 478, 479, 480, 481, 482, 483, 484, 485, 486, 487, 488, 489, 490, 491, 492, 493, 494, 495, 496, 497, 498, 499, 500, 501, 502, 503, 504, 505, 506], [507, 508, 509, 510, 511, 512, 513, 514, 515, 516, 517, 518, 519, 520, 521, 522, 523, 524, 525, 526, 527, 528, 529, 530, 531, 532, 533, 534, 535, 536, 537, 538, 539, 540, 541, 542, 543, 544, 545, 546, 547, 548, 549, 550, 551, 552, 553, 554], [554, 555, 556, 557, 558, 559, 560, 561, 562, 563, 564, 565, 566, 567, 568, 569, 570, 571, 572, 573, 574, 575, 576, 577, 578, 579, 580, 581, 582, 583, 584, 585], [585, 586, 587, 588, 589]], "scores": [[0, 0, 0, 0, 0, 0, 0, 0, 0, 0, 0, 0, 0, 0, 0], [0, 0, 0.36429, 0.423805, 0.472005, 0.40891, 0.47387999999999997, 0.42971499999999996, 0.450615, 0.45030000000000003, 0.29634499999999997, 0.5167900000000001, 0.39797499999999997, 0.38965, 0.38224], [0, 0.36429, 0, 0.442285, 0.51422, 0.440665, 0.44253, 0.26524000000000003, 0.548435, 0.40613, 0.30972500000000003, 0.45670499999999997, 0.463315, 0.428925, 0.316265], [0, 0.423805, 0.442285, 0, 0.52988, 0.570045, 0.52497, 0.28625, 0.49429500000000004, 0.5911850000000001, 0.27382, 0.59955, 0.59038, 0.4754, 0.31455500000000003], [0, 0.472005, 0.51422, 0.52988, 0, 0.65237, 0.50602, 0.306025, 0.797395, 0.555725, 0.3375, 0.46124, 0.53956, 0.46897500000000003, 0.262825], [0, 0.40891, 0.440665, 0.570045, 0.65237, 0, 0.607745, 0.29814999999999997, 0.671535, 0.69853, 0.35714, 0.54308, 0.5482499999999999, 0.46341999999999994, 0.370275], [0, 0.47387999999999997, 0.44253, 0.52497, 0.50602, 0.607745, 0, 0.38944, 0.46811, 0.6650849999999999, 0.420545, 0.5523199999999999, 0.61529, 0.6092150000000001, 0.336385], [0, 0.42971499999999996, 0.26524000000000003, 0.28625, 0.306025, 0.29814999999999997, 0.38944, 0, 0.29406, 0.31394500000000003, 0.28080499999999997, 0.37565499999999996, 0.43395, 0.343515, 0.36219], [0, 0.450615, 0.548435, 0.49429500000000004, 0.797395, 0.671535, 0.46811, 0.29406, 0, 0.575785, 0.397035, 0.48458500000000004, 0.552305, 0.457445, 0.23969000000000001], [0, 0.45030000000000003, 0.40613, 0.5911850000000001, 0.555725, 0.69853, 0.6650849999999999, 0.31394500000000003, 0.575785, 0, 0.392895, 0.63656, 0.6658649999999999, 0.584745, 0.26003], [0, 0.29634499999999997, 0.30972500000000003, 0.27382, 0.3375, 0.35714, 0.420545, 0.28080499999999997, 0.397035, 0.392895, 0, 0.32860999999999996, 0.37077, 0.37426000000000004, 0.259765], [0, 0.5167900000000001, 0.45670499999999997, 0.59955, 0.46124, 0.54308, 0.5523199999999999, 0.37565499999999996, 0.48458500000000004, 0.63656, 0.32860999999999996, 0, 0.6610750000000001, 0.6233500000000001, 0.26857], [0, 0.39797499999999997, 0.463315, 0.59038, 0.53956, 0.5482499999999999, 0.61529, 0.43395, 0.552305, 0.6658649999999999, 0.37077, 0.6610750000000001, 0, 0.708905, 0.29064999999999996], [0, 0.38965, 0.428925, 0.4754, 0.46897500000000003, 0.46341999999999994, 0.6092150000000001, 0.343515, 0.457445, 0.584745, 0.37426000000000004, 0.6233500000000001, 0.708905, 0, 0.31603499999999995], [0, 0.38224, 0.316265, 0.31455500000000003, 0.262825, 0.370275, 0.336385, 0.36219, 0.23969000000000001, 0.26003, 0.259765, 0.26857, 0.29064999999999996, 0.31603499999999995, 0]]}, "units": {"units": [[46, 47, 48, 49, 50, 51, 52, 53, 54, 55, 56, 57, 58, 59, 60, 61, 62, 63, 64, 65, 66, 67, 68, 69, 70, 71, 72, 73, 74, 75, 76, 77, 78, 79, 80, 81, 82], [83, 84, 85, 86, 87, 88, 89, 90, 91, 92, 93, 94, 95, 96, 97, 98, 99, 100, 101, 102, 103, 104, 105, 106, 107, 108, 109, 110, 111, 112, 113, 114, 115, 116, 117, 118], [119, 120, 121, 122, 123, 124, 125, 126, 127, 128, 129, 130, 131, 132, 133, 134, 135, 136, 137, 138, 139, 140, 141, 142, 143, 144, 145, 146, 147, 148, 149, 150, 151, 152, 153, 154, 155, 156, 157, 158], [159, 160, 161, 162, 163, 164, 165, 166, 167, 168, 169, 170, 171, 172, 173, 174, 175, 176, 177, 178, 179, 180, 181, 182, 183, 184, 185, 186, 187, 188, 189, 190, 191, 192, 193, 194, 195], [196, 197, 198, 199, 200, 201, 202, 203, 204, 205, 206, 207, 208, 209, 210, 211, 212, 213, 214, 215, 216, 217, 218, 219, 220, 221, 222, 223, 224, 225, 226, 227, 228, 229, 230, 231, 232, 233, 234], [235, 236, 237, 238, 239, 240, 241, 242, 243, 244, 245, 246, 247, 248, 249, 250, 251, 252, 253, 254, 255, 256, 257, 258, 259, 260, 261, 262, 263, 264, 265, 266, 267, 268, 269, 270, 271, 272, 273], [274, 275, 276, 277, 278, 279, 280, 281, 282, 283, 284, 285, 286, 287, 288, 289, 290, 291, 292, 293, 294, 295, 296, 297, 298, 299, 300, 301, 302, 303, 304, 305, 306, 307, 308, 309, 310, 311, 312], [313, 314, 315, 316, 317, 318, 319, 320, 321, 322, 323, 324, 325, 326, 327, 328, 329, 330, 331, 332, 333, 334, 335, 336, 337, 338, 339, 340, 341, 342, 343, 344, 345, 346, 347, 348, 349, 350, 351, 352, 353, 354, 355], [356, 357, 358, 359, 360, 361, 362, 363, 364, 365, 366, 367, 368, 369, 370, 371, 372, 373, 374, 375, 376, 377, 378, 379, 380, 381, 382, 383, 384, 385, 386, 387, 388, 389, 390, 391, 392, 393, 394], [395, 396, 397, 398, 399, 400, 401, 402, 403, 404, 405, 406, 407, 408, 409, 410, 411, 412, 413, 414, 415, 416, 417, 418, 419, 420, 421, 422, 423, 424, 425, 426, 427, 428, 429, 430, 431, 432, 433], [434, 435, 436, 437, 438, 439, 440, 441, 442, 443, 444, 445, 446, 447, 448, 449, 450, 451, 452, 453, 454, 455, 456, 457, 458, 459, 460, 461, 462, 463, 464, 465, 466, 467, 468, 469, 470, 471, 472], [473, 474, 475, 476, 477, 478, 479, 480, 481, 482, 483, 484, 485, 486, 487, 488, 489, 490, 491, 492, 493, 494, 495, 496, 497, 498, 499, 500, 501, 502, 503, 504, 505, 506, 507, 508, 509, 510, 511], [512, 513, 514, 515, 516, 517, 518, 519, 520, 521, 522, 523, 524, 525, 526, 527, 528, 529, 530, 531, 532, 533, 534, 535, 536, 537, 538, 539, 540, 541, 542, 543, 544, 545, 546, 547, 548, 549, 550], [551, 552, 553, 554, 555, 556, 557, 558, 559, 560, 561, 562, 563, 564, 565, 566, 567, 568, 569, 570, 571, 572, 573, 574, 575, 576, 577, 578, 579, 580, 581, 582, 583, 584, 585]], "scores": [[0, 0.475985, 0.445465, 0.57742, 0.566385, 0.49582499999999996, 0.61067, 0.589985, 0.5700149999999999, 0.601165, 0.60673, 0.5157499999999999, 0.568325, 0.527105], [0.475985, 0, 0.53362, 0.56916, 0.6638999999999999, 0.51059, 0.5917950000000001, 0.57987, 0.58125, 0.634115, 0.6626799999999999, 0.6713899999999999, 0.707105, 0.70481], [0.445465, 0.53362, 0, 0.57165, 0.77338, 0.633005, 0.62649, 0.63615, 0.72004, 0.627915, 0.6149849999999999, 0.62245, 0.640685, 0.63258], [0.57742, 0.56916, 0.57165, 0, 0.6746, 0.70357, 0.771605, 0.656025, 0.66906, 0.710035, 0.66768, 0.53722, 0.5881799999999999, 0.5522100000000001], [0.566385, 0.6638999999999999, 0.77338, 0.6746, 0, 0.6175, 0.76456, 0.702955, 0.76529, 0.74729, 0.74179, 0.70198, 0.74578, 0.712475], [0.49582499999999996, 0.51059, 0.633005, 0.70357, 0.6175, 0, 0.68398, 0.6278900000000001, 0.70679, 0.67093, 0.66253, 0.55769, 0.54953, 0.5683], [0.61067, 0.5917950000000001, 0.62649, 0.771605, 0.76456, 0.68398, 0, 0.7519, 0.78112, 0.80686, 0.74602, 0.60473, 0.66232, 0.64247], [0.589985, 0.57987, 0.63615, 0.656025, 0.702955, 0.6278900000000001, 0.7519, 0, 0.8160050000000001, 0.74621, 0.687515, 0.6331199999999999, 0.70044, 0.681905], [0.5700149999999999, 0.58125, 0.72004, 0.66906, 0.76529, 0.70679, 0.78112, 0.8160050000000001, 0, 0.77299, 0.75756, 0.66917, 0.71752, 0.6821699999999999], [0.601165, 0.634115, 0.627915, 0.710035, 0.74729, 0.67093, 0.80686, 0.74621, 0.77299, 0, 0.78713, 0.65669, 0.71795, 0.699805], [0.60673, 0.6626799999999999, 0.6149849999999999, 0.66768, 0.74179, 0.66253, 0.74602, 0.687515, 0.75756, 0.78713, 0, 0.7253, 0.75196, 0.6977450000000001], [0.5157499999999999, 0.6713899999999999, 0.62245, 0.53722, 0.70198, 0.55769, 0.60473, 0.6331199999999999, 0.66917, 0.65669, 0.7253, 0, 0.83223, 0.72835], [0.568325, 0.707105, 0.640685, 0.5881799999999999, 0.74578, 0.54953, 0.66232, 0.70044, 0.71752, 0.71795, 0.75196, 0.83223, 0, 0.8045549999999999], [0.527105, 0.70481, 0.63258, 0.5522100000000001, 0.712475, 0.5683, 0.64247, 0.681905, 0.6821699999999999, 0.699805, 0.6977450000000001, 0.72835, 0.8045549999999999, 0]]}}