{"exons": {"units": [[1, 2, 3], [4, 5, 6, 7, 8, 9, 10, 11, 12, 13, 14, 15, 16, 17, 18, 19, 20, 21, 22, 23, 24, 25, 26, 27, 28, 29, 30, 31, 32], [32, 33, 34, 35, 36, 37, 38, 39, 40, 41, 42, 43, 44, 45, 46, 47, 48, 49, 50, 51, 52, 53, 54, 55, 56, 57, 58, 59, 60, 61, 62, 63], [64, 65, 66, 67, 68, 69, 70, 71, 72, 73, 74, 75, 76, 77, 78, 79, 80, 81, 82, 83, 84, 85, 86, 87, 88, 89, 90, 91, 92, 93, 94, 95, 96, 97, 98, 99, 100, 101], [102, 103, 104, 105, 106, 107, 108, 109, 110, 111, 112, 113, 114, 115, 116, 117, 118, 119, 120, 121, 122, 123, 124, 125, 126, 127, 128, 129, 130, 131, 132], [132, 133, 134, 135, 136, 137, 138, 139, 140, 141, 142, 143, 144, 145, 146, 147, 148, 149, 150, 151, 152, 153, 154, 155, 156, 157, 158], [159, 160, 161, 162, 163, 164, 165, 166, 167, 168, 169, 170, 171, 172, 173, 174, 175, 176, 177], [178, 179, 180, 181, 182, 183, 184, 185, 186, 187, 188, 189, 190, 191, 192, 193, 194, 195, 196, 197, 198, 199, 200, 201, 202, 203, 204, 205, 206, 207, 208, 209], [209, 210, 211, 212, 213, 214, 215, 216, 217, 218, 219, 220, 221, 222, 223, 224, 225, 226, 227, 228, 229, 230, 231, 232, 233, 234, 235, 236, 237, 238, 239, 240, 241], [241, 242, 243, 244, 245, 246, 247, 248, 249, 250, 251, 252, 253, 254, 255, 256, 257, 258, 259, 260], [261, 262, 263, 264, 265, 266, 267, 268, 269, 270, 271, 272, 273, 274, 275, 276, 277, 278, 279, 280, 281, 282, 283, 284, 285, 286, 287, 288, 289, 290, 291, 292, 293, 294, 295, 296, 297, 298, 299, 300, 301], [302, 303, 304, 305, 306, 307, 308, 309, 310, 311, 312, 313, 314, 315, 316, 317, 318, 319, 320]], "scores": [[0, 0, 0, 0, 0, 0, 0, 0, 0, 0, 0, 0], [0, 0, 0.40537500000000004, 0.343805, 0.39690499999999995, 0.326965, 0.354715, 0.29564999999999997, 0.33536, 0.46880999999999995, 0.35131500000000004, 0.339065], [0, 0.40537500000000004, 0, 0.467165, 0.67233, 0.40459, 0.31229, 0.42456, 0.36693, 0.460535, 0.67213, 0.38971500000000003], [0, 0.343805, 0.467165, 0, 0.47750499999999996, 0.6519349999999999, 0.324795, 0.34309500000000004, 0.4043, 0.41734, 0.44182, 0.45542499999999997], [0, 0.39690499999999995, 0.67233, 0.47750499999999996, 0, 0.39286, 0.310245, 0.51265, 0.340875, 0.41959, 0.6622399999999999, 0.35305], [0, 0.326965, 0.40459, 0.6519349999999999, 0.39286, 0, 0.36628499999999997, 0.278405, 0.505045, 0.456725, 0.37425, 0.541755], [0, 0.354715, 0.31229, 0.324795, 0.310245, 0.36628499999999997, 0, 0.27033, 0.32704500000000003, 0.39985000000000004, 0.305735, 0.3797], [0, 0.29564999999999997, 0.42456, 0.34309500000000004, 0.51265, 0.278405, 0.27033, 0, 0.32513499999999995, 0.29623, 0.42953, 0.29352999999999996], [0, 0.33536, 0.36693, 0.4043, 0.340875, 0.505045, 0.32704500000000003, 0.32513499999999995, 0, 0.36277, 0.370245, 0.385375], [0, 0.46880999999999995, 0.460535, 0.41734, 0.41959, 0.456725, 0.39985000000000004, 0.29623, 0.36277, 0, 0.41969999999999996, 0.51754], [0, 0.35131500000000004, 0.67213, 0.44182, 0.6622399999999999, 0.37425, 0.305735, 0.42953, 0.370245, 0.41969999999999996, 0, 0.34852], [0, 0.339065, 0.38971500000000003, 0.45542499999999997, 0.35305, 0.541755, 0.3797, 0.29352999999999996, 0.385375, 0.51754, 0.34852, 0]]}, "units": {"units": [[15, 16, 17, 18, 19, 20, 21, 22, 23, 24, 25, 26, 27, 28, 29, 30, 31, 32, 33, 34, 35, 36, 37, 38, 39, 40, 41, 42, 43, 44, 45, 46, 47, 48, 49, 50, 51, 52, 53, 54, 55, 56, 57, 58, 59, 60, 61, 62, 63, 64, 65, 66, 67, 68, 69, 70, 71, 72, 73, 74, 75, 76, 77, 78, 79, 80, 81, 82, 83, 84, 85, 86, 87], [88, 89, 90, 91, 92, 93, 94, 95, 96, 97, 98, 99, 100, 101, 102, 103, 104, 105, 106, 107, 108, 109, 110, 111, 112, 113, 114, 115, 116, 117, 118, 119, 120, 121, 122, 123, 124, 125, 126, 127, 128, 129, 130, 131, 132, 133, 134, 135, 136, 137, 138, 139, 140, 141, 142, 143, 144, 145, 146, 147, 148, 149, 150, 151, 152, 153, 154, 155, 156, 157, 158, 159, 160, 161, 162, 163, 164, 165, 166, 167], [168, 169, 170, 171, 172, 173, 174, 175, 176, 177, 178, 179, 180, 181, 182, 183, 184, 185, 186, 187, 188, 189, 190, 191, 192, 193, 194, 195, 196, 197, 198, 199, 200, 201, 202, 203, 204, 205, 206, 207, 208, 209, 210, 211, 212, 213, 214, 215, 216, 217, 218, 219, 220, 221, 222, 223, 224, 225, 226, 227, 228, 229, 230, 231, 232, 233, 234, 235, 236, 237, 238, 239, 240, 241, 242, 243, 244, 245, 246, 247], [248, 249, 250, 251, 252, 253, 254, 255, 256, 257, 258, 259, 260, 261, 262, 263, 264, 265, 266, 267, 268, 269, 270, 271, 272, 273, 274, 275, 276, 277, 278, 279, 280, 281, 282, 283, 284, 285, 286, 287, 288, 289, 290, 291, 292, 293, 294, 295, 296, 297, 298, 299, 300, 301, 302, 303, 304, 305, 306, 307, 308, 309, 310, 311, 312, 313, 314, 315, 316, 317, 318]], "scores": [[0, 0.85542, 0.69868, 0.8815850000000001], [0.85542, 0, 0.70666, 0.8507899999999999], [0.69868, 0.70666, 0, 0.71871], [0.8815850000000001, 0.8507899999999999, 0.71871, 0]]}}