{"exons": {"units": [[1, 2, 3, 4, 5, 6, 7, 8, 9, 10, 11, 12, 13, 14, 15, 16, 17, 18, 19, 20, 21], [21, 22, 23, 24, 25, 26, 27, 28, 29, 30, 31, 32, 33, 34, 35, 36, 37, 38, 39, 40, 41, 42, 43, 44, 45], [45, 46, 47, 48, 49, 50, 51, 52, 53, 54, 55, 56, 57, 58, 59, 60, 61, 62, 63, 64, 65], [65, 66, 67, 68, 69, 70, 71, 72, 73, 74, 75, 76, 77, 78, 79, 80, 81, 82, 83, 84, 85, 86, 87, 88, 89, 90, 91, 92, 93, 94, 95, 96, 97, 98, 99, 100, 101, 102, 103, 104, 105, 106, 107, 108, 109, 110, 111, 112, 113, 114, 115, 116, 117, 118, 119, 120, 121, 122, 123, 124, 125, 126, 127, 128, 129, 130, 131, 132, 133, 134, 135], [135, 136, 137, 138, 139, 140, 141, 142, 143, 144, 145, 146, 147], [147, 148, 149, 150, 151, 152, 153, 154, 155, 156, 157, 158, 159, 160, 161, 162, 163, 164, 165, 166, 167, 168, 169, 170, 171, 172, 173, 174, 175, 176, 177, 178, 179, 180, 181, 182, 183, 184, 185, 186, 187, 188, 189, 190, 191], [192, 193, 194, 195, 196, 197, 198, 199, 200, 201], [201, 202, 203, 204, 205, 206, 207, 208, 209, 210, 211, 212, 213, 214, 215, 216, 217, 218, 219, 220, 221, 222, 223, 224, 225, 226, 227, 228, 229, 230, 231, 232, 233, 234, 235, 236], [236, 237, 238, 239, 240, 241, 242, 243, 244, 245, 246, 247, 248, 249, 250, 251, 252, 253, 254, 255, 256, 257, 258, 259, 260, 261, 262, 263, 264, 265, 266, 267, 268, 269, 270, 271, 272, 273]], "scores": [[0, 0, 0, 0, 0, 0, 0, 0, 0], [0, 0, 0, 0, 0, 0, 0, 0, 0], [0, 0, 0, 0.200635, 0.283835, 0.23168, 0.26474, 0.19885, 0], [0, 0, 0.200635, 0, 0.265, 0.528285, 0.20382, 0.34558, 0], [0, 0, 0.283835, 0.265, 0, 0.194475, 0.34504, 0.22293000000000002, 0], [0, 0, 0.23168, 0.528285, 0.194475, 0, 0.20853, 0.35786, 0], [0, 0, 0.26474, 0.20382, 0.34504, 0.20853, 0, 0.229335, 0], [0, 0, 0.19885, 0.34558, 0.22293000000000002, 0.35786, 0.229335, 0, 0], [0, 0, 0, 0, 0, 0, 0, 0, 0]]}, "units": {"units": [[27, 28, 29, 30, 31, 32, 33, 34, 35, 36, 37, 38, 39, 40, 41, 42, 43, 44, 45], [46, 47, 48, 49, 50, 51, 52, 53, 54, 55, 56, 57, 58, 59, 60, 61, 62, 63, 64, 65, 66, 67, 68, 69, 70, 71, 72, 73, 74, 75, 76], [77, 78, 79, 80, 81, 82, 83, 84, 85, 86, 87, 88, 89, 90, 91, 92, 93, 94, 95, 96, 97, 98, 99, 100, 101, 102, 103, 104, 105, 106, 107, 108, 109, 110, 111], [112, 113, 114, 115, 116, 117, 118, 119, 120, 121, 122, 123, 124, 125, 126, 127, 128, 129, 130, 131, 132, 133, 134, 135, 136, 137, 138, 139, 140], [141, 142, 143, 144, 145, 146, 147, 148, 149, 150, 151, 152, 153, 154, 155, 156, 157, 158, 159, 160, 161, 162, 163, 164, 165, 166], [167, 168, 169, 170, 171, 172, 173, 174, 175, 176, 177, 178, 179, 180, 181, 182, 183, 184, 185, 186, 187, 188, 189, 190, 191, 192, 193, 194, 195], [196, 197, 198, 199, 200, 201, 202, 203, 204, 205, 206, 207, 208, 209, 210, 211, 212, 213, 214, 215, 216, 217, 218], [219, 220, 221, 222, 223, 224, 225, 226, 227, 228, 229, 230, 231, 232, 233, 234, 235, 236, 237, 238, 239, 240, 241, 242, 243, 244, 245, 246, 247, 248, 249, 250, 251, 252, 253, 254, 255, 256, 257, 258, 259, 260, 261, 262, 263, 264, 265, 266, 267, 268, 269, 270, 271]], "scores": [[0, 0.396865, 0.51935, 0.39685, 0.45498, 0.43689999999999996, 0.366445, 0.41933], [0.396865, 0, 0.415725, 0.40369, 0.40876500000000004, 0.490705, 0.3121, 0.30366], [0.51935, 0.415725, 0, 0.48611000000000004, 0.53844, 0.51199, 0.29835999999999996, 0.38017], [0.39685, 0.40369, 0.48611000000000004, 0, 0.377595, 0.48601, 0.30577, 0.463925], [0.45498, 0.40876500000000004, 0.53844, 0.377595, 0, 0.42252, 0.332635, 0.38354], [0.43689999999999996, 0.490705, 0.51199, 0.48601, 0.42252, 0, 0.252165, 0.405165], [0.366445, 0.3121, 0.29835999999999996, 0.30577, 0.332635, 0.252165, 0, 0.29259999999999997], [0.41933, 0.30366, 0.38017, 0.463925, 0.38354, 0.405165, 0.29259999999999997, 0]]}}