{"exons": {"units": [[1, 2, 3, 4, 5, 6, 7, 8, 9, 10, 11, 12, 13, 14, 15, 16, 17, 18, 19, 20, 21, 22, 23, 24, 25, 26, 27, 28, 29, 30, 31, 32, 33, 34, 35, 36, 37, 38, 39, 40, 41, 42, 43, 44, 45, 46, 47, 48, 49, 50, 51, 52, 53, 54, 55, 56, 57, 58, 59, 60, 61, 62, 63, 64, 65, 66, 67, 68, 69, 70, 71], [71, 72, 73, 74, 75, 76, 77, 78, 79, 80, 81, 82, 83, 84, 85, 86, 87, 88, 89, 90, 91, 92, 93, 94, 95], [95, 96, 97, 98, 99, 100, 101, 102, 103, 104, 105, 106, 107, 108, 109, 110, 111, 112, 113, 114, 115, 116, 117, 118, 119], [119, 120, 121, 122, 123, 124, 125, 126, 127, 128, 129, 130, 131, 132, 133, 134, 135, 136, 137, 138, 139, 140, 141, 142, 143], [143, 144, 145, 146, 147, 148, 149, 150, 151, 152, 153, 154, 155, 156, 157, 158, 159, 160, 161, 162, 163, 164, 165, 166, 167, 168, 169, 170, 171, 172, 173, 174, 175, 176, 177, 178, 179, 180, 181, 182, 183, 184, 185, 186, 187, 188, 189, 190, 191, 192, 193, 194, 195, 196, 197, 198, 199, 200, 201, 202, 203, 204, 205, 206, 207, 208, 209, 210, 211, 212, 213, 214, 215], [215, 216, 217, 218, 219, 220, 221, 222, 223, 224, 225, 226, 227, 228, 229, 230, 231, 232, 233, 234, 235, 236, 237, 238, 239], [239, 240, 241, 242, 243, 244, 245, 246, 247, 248, 249, 250, 251, 252, 253, 254, 255, 256, 257, 258, 259, 260, 261, 262], [262, 263, 264, 265, 266, 267, 268, 269, 270, 271, 272, 273, 274, 275, 276, 277, 278, 279, 280, 281, 282, 283, 284, 285, 286], [286, 287, 288, 289, 290, 291, 292, 293, 294, 295, 296, 297, 298, 299, 300, 301, 302, 303, 304, 305, 306, 307, 308, 309, 310], [310, 311, 312, 313, 314, 315, 316, 317, 318, 319, 320, 321, 322, 323, 324, 325, 326, 327, 328, 329, 330, 331, 332, 333], [333, 334, 335, 336, 337, 338, 339, 340, 341, 342, 343, 344, 345, 346, 347, 348, 349, 350, 351, 352, 353, 354, 355, 356, 357], [357, 358, 359, 360, 361, 362, 363, 364, 365, 366, 367, 368, 369, 370, 371, 372, 373, 374, 375, 376, 377, 378, 379], [379, 380, 381, 382, 383, 384, 385, 386, 387, 388, 389, 390, 391, 392, 393, 394, 395, 396, 397, 398, 399, 400, 401, 402, 403], [403, 404, 405, 406, 407, 408, 409, 410, 411, 412, 413, 414, 415, 416, 417, 418, 419, 420, 421, 422, 423, 424, 425, 426, 427], [427, 428, 429, 430, 431, 432, 433, 434, 435, 436, 437, 438, 439, 440, 441, 442, 443, 444, 445, 446, 447, 448, 449, 450, 451, 452, 453, 454, 455, 456, 457, 458, 459, 460, 461, 462, 463, 464, 465, 466, 467, 468, 469], [469, 470, 471, 472, 473, 474, 475, 476, 477, 478, 479, 480, 481, 482, 483, 484, 485, 486, 487, 488, 489, 490, 491, 492, 493, 494, 495, 496, 497, 498, 499, 500, 501, 502, 503, 504, 505, 506, 507, 508, 509, 510, 511, 512, 513, 514, 515, 516, 517, 518], [518, 519, 520, 521, 522, 523, 524, 525, 526, 527, 528, 529, 530, 531, 532, 533, 534, 535, 536, 537, 538, 539, 540, 541, 542, 543, 544, 545, 546], [546, 547, 548, 549, 550, 551, 552, 553, 554, 555, 556, 557, 558, 559, 560, 561, 562, 563, 564, 565, 566, 567, 568, 569, 570, 571, 572, 573, 574, 575, 576, 577, 578, 579, 580, 581, 582, 583, 584, 585, 586, 587, 588, 589, 590, 591, 592, 593, 594, 595, 596, 597, 598, 599, 600, 601, 602, 603, 604, 605, 606, 607, 608, 609, 610, 611, 612, 613, 614, 615, 616, 617, 618, 619, 620, 621, 622, 623, 624, 625, 626, 627, 628, 629, 630, 631, 632, 633, 634, 635, 636, 637, 638, 639, 640, 641, 642, 643, 644, 645, 646, 647, 648, 649, 650, 651, 652, 653, 654, 655, 656, 657, 658, 659, 660, 661, 662, 663, 664, 665, 666, 667, 668, 669, 670, 671, 672, 673, 674, 675, 676, 677, 678, 679, 680, 681, 682, 683, 684, 685, 686, 687, 688, 689, 690, 691, 692, 693, 694, 695, 696, 697, 698, 699, 700, 701, 702, 703, 704, 705, 706, 707, 708, 709, 710, 711, 712, 713, 714, 715, 716, 717, 718, 719, 720, 721, 722, 723, 724, 725, 726, 727, 728, 729, 730, 731, 732, 733, 734, 735, 736, 737, 738, 739, 740, 741, 742, 743, 744, 745, 746, 747, 748, 749, 750, 751, 752, 753, 754, 755, 756, 757, 758, 759, 760, 761, 762, 763, 764, 765, 766, 767, 768, 769, 770, 771, 772, 773, 774, 775, 776, 777, 778, 779, 780, 781, 782, 783, 784, 785, 786, 787, 788, 789, 790, 791, 792, 793, 794, 795, 796, 797, 798, 799, 800, 801, 802, 803, 804, 805, 806, 807, 808, 809, 810, 811, 812, 813, 814, 815, 816, 817, 818, 819, 820, 821, 822, 823, 824, 825, 826, 827, 828, 829, 830, 831, 832, 833, 834, 835, 836, 837, 838, 839, 840, 841, 842, 843, 844, 845, 846, 847, 848, 849, 850, 851, 852, 853, 854, 855, 856, 857, 858, 859, 860, 861, 862, 863, 864, 865, 866, 867, 868, 869, 870, 871, 872, 873, 874, 875, 876, 877, 878, 879, 880, 881, 882, 883, 884, 885, 886, 887, 888, 889, 890, 891, 892, 893, 894, 895, 896, 897, 898, 899, 900, 901, 902, 903, 904, 905, 906, 907]], "scores": [[0, 0, 0, 0, 0, 0, 0, 0, 0, 0, 0, 0, 0, 0, 0, 0, 0, 0], [0, 0, 0.72761, 0.65158, 0.50699, 0.69355, 0.6113500000000001, 0.63004, 0.4759, 0.38566, 0.50129, 0.57248, 0.64557, 0.60659, 0.4039, 0, 0, 0], [0, 0.72761, 0, 0.62941, 0.54889, 0.71317, 0.57742, 0.65142, 0.49863, 0.39891, 0.49064, 0.521525, 0.70016, 0.61033, 0.395285, 0, 0, 0], [0, 0.65158, 0.62941, 0, 0.50104, 0.60247, 0.653605, 0.56076, 0.4311, 0.376405, 0.46152, 0.5486, 0.61649, 0.536875, 0.391045, 0, 0, 0], [0, 0.50699, 0.54889, 0.50104, 0, 0.56286, 0.47858999999999996, 0.516805, 0.46440000000000003, 0.33725499999999997, 0.43128, 0.425595, 0.5017499999999999, 0.51681, 0.59239, 0, 0, 0], [0, 0.69355, 0.71317, 0.60247, 0.56286, 0, 0.6151599999999999, 0.63865, 0.57867, 0.41576, 0.55326, 0.58289, 0.64787, 0.69882, 0.416145, 0, 0, 0], [0, 0.6113500000000001, 0.57742, 0.653605, 0.47858999999999996, 0.6151599999999999, 0, 0.590075, 0.38587000000000005, 0.42127, 0.490195, 0.591565, 0.57773, 0.55061, 0.45121, 0, 0, 0], [0, 0.63004, 0.65142, 0.56076, 0.516805, 0.63865, 0.590075, 0, 0.50615, 0.45548, 0.61944, 0.603495, 0.67291, 0.594465, 0.417485, 0, 0, 0], [0, 0.4759, 0.49863, 0.4311, 0.46440000000000003, 0.57867, 0.38587000000000005, 0.50615, 0, 0.280835, 0.43961, 0.44895, 0.58044, 0.6785300000000001, 0.32903000000000004, 0, 0, 0], [0, 0.38566, 0.39891, 0.376405, 0.33725499999999997, 0.41576, 0.42127, 0.45548, 0.280835, 0, 0.449525, 0.42671000000000003, 0.398475, 0.35749, 0.35285, 0, 0, 0], [0, 0.50129, 0.49064, 0.46152, 0.43128, 0.55326, 0.490195, 0.61944, 0.43961, 0.449525, 0, 0.545185, 0.51384, 0.5111950000000001, 0.42074999999999996, 0, 0, 0], [0, 0.57248, 0.521525, 0.5486, 0.425595, 0.58289, 0.591565, 0.603495, 0.44895, 0.42671000000000003, 0.545185, 0, 0.58029, 0.5692699999999999, 0.436295, 0, 0, 0], [0, 0.64557, 0.70016, 0.61649, 0.5017499999999999, 0.64787, 0.57773, 0.67291, 0.58044, 0.398475, 0.51384, 0.58029, 0, 0.67596, 0.411595, 0, 0, 0], [0, 0.60659, 0.61033, 0.536875, 0.51681, 0.69882, 0.55061, 0.594465, 0.6785300000000001, 0.35749, 0.5111950000000001, 0.5692699999999999, 0.67596, 0, 0.405565, 0, 0, 0], [0, 0.4039, 0.395285, 0.391045, 0.59239, 0.416145, 0.45121, 0.417485, 0.32903000000000004, 0.35285, 0.42074999999999996, 0.436295, 0.411595, 0.405565, 0, 0, 0, 0], [0, 0, 0, 0, 0, 0, 0, 0, 0, 0, 0, 0, 0, 0, 0, 0, 0, 0], [0, 0, 0, 0, 0, 0, 0, 0, 0, 0, 0, 0, 0, 0, 0, 0, 0, 0], [0, 0, 0, 0, 0, 0, 0, 0, 0, 0, 0, 0, 0, 0, 0, 0, 0, 0]]}, "units": {"units": [[48, 49, 50, 51, 52, 53, 54, 55, 56, 57, 58, 59, 60, 61, 62, 63, 64, 65, 66, 67, 68], [69, 70, 71, 72, 73, 74, 75, 76, 77, 78, 79, 80, 81, 82, 83, 84, 85, 86, 87, 88, 89, 90, 91, 92], [93, 94, 95, 96, 97, 98, 99, 100, 101, 102, 103, 104, 105, 106, 107, 108, 109, 110, 111, 112, 113, 114, 115, 116], [117, 118, 119, 120, 121, 122, 123, 124, 125, 126, 127, 128, 129, 130, 131, 132, 133, 134, 135, 136, 137, 138, 139, 140], [141, 142, 143, 144, 145, 146, 147, 148, 149, 150, 151, 152, 153, 154, 155, 156, 157, 158, 159, 160, 161, 162, 163, 164], [165, 166, 167, 168, 169, 170, 171, 172, 173, 174, 175, 176, 177, 178, 179, 180, 181, 182, 183, 184, 185, 186, 187, 188], [189, 190, 191, 192, 193, 194, 195, 196, 197, 198, 199, 200, 201, 202, 203, 204, 205, 206, 207, 208, 209, 210, 211, 212], [213, 214, 215, 216, 217, 218, 219, 220, 221, 222, 223, 224, 225, 226, 227, 228, 229, 230, 231, 232, 233, 234, 235, 236], [237, 238, 239, 240, 241, 242, 243, 244, 245, 246, 247, 248, 249, 250, 251, 252, 253, 254, 255, 256, 257, 258, 259], [260, 261, 262, 263, 264, 265, 266, 267, 268, 269, 270, 271, 272, 273, 274, 275, 276, 277, 278, 279, 280, 281, 282, 283], [284, 285, 286, 287, 288, 289, 290, 291, 292, 293, 294, 295, 296, 297, 298, 299, 300, 301, 302, 303, 304, 305, 306, 307], [308, 309, 310, 311, 312, 313, 314, 315, 316, 317, 318, 319, 320, 321, 322, 323, 324, 325, 326, 327, 328, 329, 330], [331, 332, 333, 334, 335, 336, 337, 338, 339, 340, 341, 342, 343, 344, 345, 346, 347, 348, 349, 350, 351, 352, 353, 354], [355, 356, 357, 358, 359, 360, 361, 362, 363, 364, 365, 366, 367, 368, 369, 370, 371, 372, 373, 374, 375, 376], [377, 378, 379, 380, 381, 382, 383, 384, 385, 386, 387, 388, 389, 390, 391, 392, 393, 394, 395, 396, 397, 398, 399, 400], [401, 402, 403, 404, 405, 406, 407, 408, 409, 410, 411, 412, 413, 414, 415, 416, 417, 418, 419, 420, 421, 422, 423, 424], [426, 427, 428, 429, 430, 431, 432, 433, 434, 435, 436, 437, 438, 439, 440, 441, 442, 443, 444, 445], [446, 447, 448, 449, 450, 451, 452, 453, 454, 455, 456, 457, 458, 459, 460, 461, 462, 463, 464, 465, 466, 467, 468]], "scores": [[0, 0.396345, 0.33691000000000004, 0.34392, 0.385085, 0.3921, 0.33056, 0.33235000000000003, 0.324955, 0.34684, 0.279355, 0.30624, 0.33046, 0.294265, 0.29679500000000003, 0.307085, 0.29239, 0.356865], [0.396345, 0, 0.67372, 0.58477, 0.6357, 0.57842, 0.67423, 0.66242, 0.580525, 0.60104, 0.48563, 0.34913, 0.47121, 0.53091, 0.59202, 0.59612, 0.41345, 0.35448999999999997], [0.33691000000000004, 0.67372, 0, 0.58154, 0.72894, 0.52514, 0.63311, 0.66609, 0.538675, 0.5845, 0.45924, 0.33002, 0.42867, 0.46068, 0.62972, 0.59976, 0.41442, 0.341875], [0.34392, 0.58477, 0.58154, 0, 0.57436, 0.66233, 0.55347, 0.5807, 0.606155, 0.5054, 0.40701, 0.29666000000000003, 0.42069, 0.463785, 0.52719, 0.52342, 0.390065, 0.37223], [0.385085, 0.6357, 0.72894, 0.57436, 0, 0.54375, 0.61723, 0.66672, 0.56155, 0.61581, 0.58509, 0.35067000000000004, 0.4938, 0.49389, 0.63368, 0.71646, 0.36690999999999996, 0.357885], [0.3921, 0.57842, 0.52514, 0.66233, 0.54375, 0, 0.62204, 0.58271, 0.608565, 0.56715, 0.42615, 0.35823499999999997, 0.4704, 0.49388, 0.56053, 0.48619, 0.420255, 0.438655], [0.33056, 0.67423, 0.63311, 0.55347, 0.61723, 0.62204, 0, 0.74718, 0.595815, 0.63244, 0.44003, 0.335025, 0.51482, 0.499135, 0.60497, 0.5546, 0.35882000000000003, 0.404955], [0.33235000000000003, 0.66242, 0.66609, 0.5807, 0.66672, 0.58271, 0.74718, 0, 0.600685, 0.57527, 0.56434, 0.34531500000000004, 0.51088, 0.510225, 0.58141, 0.68222, 0.429245, 0.400285], [0.324955, 0.580525, 0.538675, 0.606155, 0.56155, 0.608565, 0.595815, 0.600685, 0, 0.5663100000000001, 0.4383, 0.3283, 0.43244499999999997, 0.534545, 0.549345, 0.55691, 0.43862500000000004, 0.39966], [0.34684, 0.60104, 0.5845, 0.5054, 0.61581, 0.56715, 0.63244, 0.57527, 0.5663100000000001, 0, 0.51748, 0.434255, 0.57676, 0.5446249999999999, 0.63078, 0.58915, 0.42955, 0.37633], [0.279355, 0.48563, 0.45924, 0.40701, 0.58509, 0.42615, 0.44003, 0.56434, 0.4383, 0.51748, 0, 0.33438, 0.47103, 0.47985, 0.63842, 0.68848, 0.383635, 0.363375], [0.30624, 0.34913, 0.33002, 0.29666000000000003, 0.35067000000000004, 0.35823499999999997, 0.335025, 0.34531500000000004, 0.3283, 0.434255, 0.33438, 0, 0.404145, 0.343815, 0.34992, 0.35894000000000004, 0.307995, 0.35707], [0.33046, 0.47121, 0.42867, 0.42069, 0.4938, 0.4704, 0.51482, 0.51088, 0.43244499999999997, 0.57676, 0.47103, 0.404145, 0, 0.48373, 0.4757, 0.5104, 0.367755, 0.43652], [0.294265, 0.53091, 0.46068, 0.463785, 0.49389, 0.49388, 0.499135, 0.510225, 0.534545, 0.5446249999999999, 0.47985, 0.343815, 0.48373, 0, 0.5454749999999999, 0.558245, 0.477135, 0.41314], [0.29679500000000003, 0.59202, 0.62972, 0.52719, 0.63368, 0.56053, 0.60497, 0.58141, 0.549345, 0.63078, 0.63842, 0.34992, 0.4757, 0.5454749999999999, 0, 0.6802, 0.4672, 0.38231499999999996], [0.307085, 0.59612, 0.59976, 0.52342, 0.71646, 0.48619, 0.5546, 0.68222, 0.55691, 0.58915, 0.68848, 0.35894000000000004, 0.5104, 0.558245, 0.6802, 0, 0.44635, 0.36607500000000004], [0.29239, 0.41345, 0.41442, 0.390065, 0.36690999999999996, 0.420255, 0.35882000000000003, 0.429245, 0.43862500000000004, 0.42955, 0.383635, 0.307995, 0.367755, 0.477135, 0.4672, 0.44635, 0, 0.443435], [0.356865, 0.35448999999999997, 0.341875, 0.37223, 0.357885, 0.438655, 0.404955, 0.400285, 0.39966, 0.37633, 0.363375, 0.35707, 0.43652, 0.41314, 0.38231499999999996, 0.36607500000000004, 0.443435, 0]]}}