{"exons": {"units": [[1, 2, 3, 4, 5, 6, 7, 8, 9, 10, 11, 12, 13, 14, 15, 16, 17, 18, 19, 20, 21, 22, 23, 24, 25, 26, 27, 28, 29, 30, 31, 32, 33, 34, 35, 36, 37, 38, 39, 40, 41, 42, 43, 44, 45, 46, 47, 48, 49, 50, 51, 52, 53, 54, 55, 56, 57, 58, 59, 60, 61, 62, 63, 64, 65, 66, 67, 68, 69, 70, 71], [71, 72, 73, 74, 75, 76, 77, 78, 79, 80, 81, 82, 83, 84, 85, 86, 87, 88, 89, 90, 91, 92, 93, 94, 95], [95, 96, 97, 98, 99, 100, 101, 102, 103, 104, 105, 106, 107, 108, 109, 110, 111, 112, 113, 114, 115, 116, 117, 118, 119], [119, 120, 121, 122, 123, 124, 125, 126, 127, 128, 129, 130, 131, 132, 133, 134, 135, 136, 137, 138, 139, 140, 141, 142, 143], [143, 144, 145, 146, 147, 148, 149, 150, 151, 152, 153, 154, 155, 156, 157, 158, 159, 160, 161, 162, 163, 164, 165, 166, 167, 168, 169, 170, 171, 172, 173, 174, 175, 176, 177, 178, 179, 180, 181, 182, 183, 184, 185, 186, 187, 188, 189, 190, 191, 192, 193, 194, 195, 196, 197, 198, 199, 200, 201, 202, 203, 204, 205, 206, 207, 208, 209, 210, 211, 212, 213, 214, 215], [215, 216, 217, 218, 219, 220, 221, 222, 223, 224, 225, 226, 227, 228, 229, 230, 231, 232, 233, 234, 235, 236, 237, 238, 239], [239, 240, 241, 242, 243, 244, 245, 246, 247, 248, 249, 250, 251, 252, 253, 254, 255, 256, 257, 258, 259, 260, 261, 262], [262, 263, 264, 265, 266, 267, 268, 269, 270, 271, 272, 273, 274, 275, 276, 277, 278, 279, 280, 281, 282, 283, 284, 285, 286], [286, 287, 288, 289, 290, 291, 292, 293, 294, 295, 296, 297, 298, 299, 300, 301, 302, 303, 304, 305, 306, 307, 308, 309, 310], [310, 311, 312, 313, 314, 315, 316, 317, 318, 319, 320, 321, 322, 323, 324, 325, 326, 327, 328, 329, 330, 331, 332, 333], [333, 334, 335, 336, 337, 338, 339, 340, 341, 342, 343, 344, 345, 346, 347, 348, 349, 350, 351, 352, 353, 354, 355, 356, 357], [357, 358, 359, 360, 361, 362, 363, 364, 365, 366, 367, 368, 369, 370, 371, 372, 373, 374, 375, 376, 377, 378, 379], [379, 380, 381, 382, 383, 384, 385, 386, 387, 388, 389, 390, 391, 392, 393, 394, 395, 396, 397, 398, 399, 400, 401, 402, 403], [403, 404, 405, 406, 407, 408, 409, 410, 411, 412, 413, 414, 415, 416, 417, 418, 419, 420, 421, 422, 423, 424, 425, 426, 427], [427, 428, 429, 430, 431, 432, 433, 434, 435, 436, 437, 438, 439, 440, 441, 442, 443, 444, 445, 446, 447, 448, 449, 450, 451, 452, 453, 454, 455, 456, 457, 458, 459, 460, 461, 462, 463, 464, 465, 466, 467, 468, 469], [469, 470, 471, 472, 473, 474, 475, 476, 477, 478, 479, 480, 481, 482, 483, 484, 485, 486, 487, 488, 489, 490, 491, 492, 493, 494, 495, 496, 497, 498, 499, 500, 501, 502, 503, 504, 505, 506, 507, 508, 509, 510, 511, 512, 513, 514, 515, 516, 517, 518], [518, 519, 520, 521, 522, 523, 524, 525, 526, 527, 528, 529, 530, 531, 532, 533, 534, 535, 536, 537, 538, 539, 540, 541, 542, 543, 544, 545, 546], [546, 547, 548, 549, 550, 551, 552, 553, 554, 555, 556, 557, 558, 559, 560, 561, 562, 563, 564, 565, 566, 567, 568, 569, 570, 571, 572, 573, 574, 575, 576, 577, 578, 579, 580, 581, 582, 583, 584, 585, 586, 587, 588, 589, 590, 591, 592, 593, 594, 595, 596, 597, 598, 599, 600, 601, 602, 603, 604, 605, 606, 607, 608, 609, 610, 611, 612, 613, 614, 615, 616, 617, 618, 619, 620, 621, 622, 623, 624, 625, 626, 627, 628, 629, 630, 631, 632, 633, 634, 635, 636, 637, 638, 639, 640, 641, 642, 643, 644, 645, 646, 647, 648, 649, 650, 651, 652, 653, 654, 655, 656, 657, 658, 659, 660, 661, 662, 663, 664, 665, 666, 667, 668, 669, 670, 671, 672, 673, 674, 675, 676, 677, 678, 679, 680, 681, 682, 683, 684, 685, 686, 687, 688, 689, 690, 691, 692, 693, 694, 695, 696, 697, 698, 699, 700, 701, 702, 703, 704, 705, 706, 707, 708, 709, 710, 711, 712, 713, 714, 715, 716, 717, 718, 719, 720, 721, 722, 723, 724, 725, 726, 727, 728, 729, 730, 731, 732, 733, 734, 735, 736, 737, 738, 739, 740, 741, 742, 743, 744, 745, 746, 747, 748, 749, 750, 751, 752, 753, 754, 755, 756, 757, 758, 759, 760, 761, 762, 763, 764, 765, 766, 767, 768, 769, 770, 771, 772, 773, 774, 775, 776, 777, 778, 779, 780, 781, 782, 783, 784, 785, 786, 787, 788, 789, 790, 791, 792, 793, 794, 795, 796, 797, 798, 799, 800, 801, 802, 803, 804, 805, 806, 807, 808, 809, 810, 811, 812, 813, 814, 815, 816, 817, 818, 819, 820, 821, 822, 823, 824, 825, 826, 827, 828, 829, 830, 831, 832, 833, 834, 835, 836, 837, 838, 839, 840, 841, 842, 843, 844, 845, 846, 847, 848, 849, 850, 851, 852, 853, 854, 855, 856, 857, 858, 859, 860, 861, 862, 863, 864, 865, 866, 867, 868, 869, 870, 871, 872, 873, 874, 875, 876, 877, 878, 879, 880, 881, 882, 883, 884, 885, 886, 887, 888, 889, 890, 891, 892, 893, 894, 895, 896, 897, 898, 899, 900, 901, 902, 903, 904, 905, 906, 907]], "scores": [[0, 0, 0, 0, 0, 0, 0, 0, 0, 0, 0, 0, 0, 0, 0, 0, 0, 0], [0, 0, 0.59067, 0.59758, 0.43969, 0.62505, 0.5358149999999999, 0.46651, 0.44748, 0.417825, 0.45452, 0.48973500000000003, 0.63334, 0.63334, 0.38546, 0, 0, 0], [0, 0.59067, 0, 0.62602, 0.5587500000000001, 0.73812, 0.558905, 0.64996, 0.53606, 0.42434499999999997, 0.5202, 0.51624, 0.70999, 0.65346, 0.41455, 0, 0, 0], [0, 0.59758, 0.62602, 0, 0.510405, 0.63554, 0.6132299999999999, 0.54071, 0.42047, 0.40887, 0.47864, 0.52678, 0.66303, 0.60225, 0.38963000000000003, 0, 0, 0], [0, 0.43969, 0.5587500000000001, 0.510405, 0, 0.54322, 0.46819, 0.50702, 0.45394999999999996, 0.333195, 0.4171, 0.40249999999999997, 0.501225, 0.5282450000000001, 0.55759, 0, 0, 0], [0, 0.62505, 0.73812, 0.63554, 0.54322, 0, 0.64734, 0.66396, 0.57826, 0.36961, 0.51592, 0.55162, 0.65753, 0.73802, 0.40491, 0, 0, 0], [0, 0.5358149999999999, 0.558905, 0.6132299999999999, 0.46819, 0.64734, 0, 0.566705, 0.34089499999999995, 0.41113, 0.442785, 0.52578, 0.56279, 0.5877399999999999, 0.41389, 0, 0, 0], [0, 0.46651, 0.64996, 0.54071, 0.50702, 0.66396, 0.566705, 0, 0.44746, 0.40929499999999996, 0.56281, 0.487985, 0.60768, 0.61049, 0.41613500000000003, 0, 0, 0], [0, 0.44748, 0.53606, 0.42047, 0.45394999999999996, 0.57826, 0.34089499999999995, 0.44746, 0, 0.22831, 0.4059, 0.37509499999999996, 0.50735, 0.59864, 0.32771, 0, 0, 0], [0, 0.417825, 0.42434499999999997, 0.40887, 0.333195, 0.36961, 0.41113, 0.40929499999999996, 0.22831, 0, 0.44374, 0.39088500000000004, 0.415765, 0.34774000000000005, 0.34824, 0, 0, 0], [0, 0.45452, 0.5202, 0.47864, 0.4171, 0.51592, 0.442785, 0.56281, 0.4059, 0.44374, 0, 0.5296000000000001, 0.50831, 0.5085, 0.377475, 0, 0, 0], [0, 0.48973500000000003, 0.51624, 0.52678, 0.40249999999999997, 0.55162, 0.52578, 0.487985, 0.37509499999999996, 0.39088500000000004, 0.5296000000000001, 0, 0.56583, 0.57744, 0.43395, 0, 0, 0], [0, 0.63334, 0.70999, 0.66303, 0.501225, 0.65753, 0.56279, 0.60768, 0.50735, 0.415765, 0.50831, 0.56583, 0, 0.68951, 0.40804, 0, 0, 0], [0, 0.63334, 0.65346, 0.60225, 0.5282450000000001, 0.73802, 0.5877399999999999, 0.61049, 0.59864, 0.34774000000000005, 0.5085, 0.57744, 0.68951, 0, 0.424195, 0, 0, 0], [0, 0.38546, 0.41455, 0.38963000000000003, 0.55759, 0.40491, 0.41389, 0.41613500000000003, 0.32771, 0.34824, 0.377475, 0.43395, 0.40804, 0.424195, 0, 0, 0, 0], [0, 0, 0, 0, 0, 0, 0, 0, 0, 0, 0, 0, 0, 0, 0, 0, 0, 0], [0, 0, 0, 0, 0, 0, 0, 0, 0, 0, 0, 0, 0, 0, 0, 0, 0, 0], [0, 0, 0, 0, 0, 0, 0, 0, 0, 0, 0, 0, 0, 0, 0, 0, 0, 0]]}, "units": {"units": [[47, 48, 49, 50, 51, 52, 53, 54, 55, 56, 57, 58, 59, 60, 61, 62, 63, 64, 65, 66, 67, 68, 69, 70, 71, 72, 73], [74, 75, 76, 77, 78, 79, 80, 81, 82, 83, 84, 85, 86, 87, 88, 89, 90, 91, 92, 93], [94, 95, 96, 97, 98, 99, 100, 101, 102, 103, 104, 105, 106, 107, 108, 109, 110, 111, 112, 113, 114, 115, 116, 117], [118, 119, 120, 121, 122, 123, 124, 125, 126, 127, 128, 129, 130, 131, 132, 133, 134, 135, 136, 137, 138, 139, 140, 141], [142, 143, 144, 145, 146, 147, 148, 149, 150, 151, 152, 153, 154, 155, 156, 157, 158, 159, 160, 161, 162, 163, 164, 165], [166, 167, 168, 169, 170, 171, 172, 173, 174, 175, 176, 177, 178, 179, 180, 181, 182, 183, 184, 185, 186, 187, 188, 189], [190, 191, 192, 193, 194, 195, 196, 197, 198, 199, 200, 201, 202, 203, 204, 205, 206, 207, 208, 209, 210, 211, 212, 213], [214, 215, 216, 217, 218, 219, 220, 221, 222, 223, 224, 225, 226, 227, 228, 229, 230, 231, 232, 233, 234, 235, 236, 237], [238, 239, 240, 241, 242, 243, 244, 245, 246, 247, 248, 249, 250, 251, 252, 253, 254, 255, 256, 257, 258, 259, 260], [261, 262, 263, 264, 265, 266, 267, 268, 269, 270, 271, 272, 273, 274, 275, 276, 277, 278, 279, 280, 281, 282, 283, 284], [285, 286, 287, 288, 289, 290, 291, 292, 293, 294, 295, 296, 297, 298, 299, 300, 301, 302, 303, 304, 305, 306, 307, 308], [309, 310, 311, 312, 313, 314, 315, 316, 317, 318, 319, 320, 321, 322, 323, 324, 325, 326, 327, 328, 329, 330, 331], [332, 333, 334, 335, 336, 337, 338, 339, 340, 341, 342, 343, 344, 345, 346, 347, 348, 349, 350, 351, 352, 353, 354, 355], [356, 357, 358, 359, 360, 361, 362, 363, 364, 365, 366, 367, 368, 369, 370, 371, 372, 373, 374, 375, 376, 377], [378, 379, 380, 381, 382, 383, 384, 385, 386, 387, 388, 389, 390, 391, 392, 393, 394, 395, 396, 397, 398, 399, 400, 401], [402, 403, 404, 405, 406, 407, 408, 409, 410, 411, 412, 413, 414, 415, 416, 417, 418, 419, 420, 421, 422, 423, 424, 425], [426, 427, 428, 429, 430, 431, 432, 433, 434, 435, 436, 437, 438, 439, 440, 441, 442, 443, 444, 445], [446, 447, 448, 449, 450, 451, 452, 453, 454, 455, 456, 457, 458, 459, 460, 461, 462, 463, 464, 465, 466, 467, 468, 469], [470, 471, 472, 473, 474, 475, 476, 477, 478, 479, 480, 481, 482, 483]], "scores": [[0, 0.25440999999999997, 0.41541, 0.46214500000000003, 0.399785, 0.4845, 0.405125, 0.39942, 0.41985, 0.36306, 0.377475, 0.403185, 0.3674, 0.37476, 0.41124499999999997, 0.423805, 0.36085500000000004, 0.40536, 0.25858], [0.25440999999999997, 0, 0.37497, 0.382745, 0.360985, 0.30169, 0.372515, 0.42649000000000004, 0.333465, 0.27578, 0.35985, 0.21576499999999998, 0.273965, 0.27806, 0.449645, 0.49650500000000003, 0.25178, 0.22149000000000002, 0.18639], [0.41541, 0.37497, 0, 0.5809, 0.76719, 0.53008, 0.67491, 0.67912, 0.51895, 0.5945, 0.52244, 0.37339999999999995, 0.45505, 0.482325, 0.66405, 0.61741, 0.391925, 0.3417, 0.20806], [0.46214500000000003, 0.382745, 0.5809, 0, 0.6003, 0.66396, 0.58496, 0.59823, 0.560915, 0.50925, 0.40618, 0.362475, 0.42283, 0.47602, 0.60836, 0.57026, 0.358375, 0.338, 0.214695], [0.399785, 0.360985, 0.76719, 0.6003, 0, 0.49144, 0.64252, 0.65961, 0.502035, 0.60728, 0.58336, 0.35205, 0.43811, 0.46151, 0.63521, 0.68235, 0.366875, 0.34351, 0.205525], [0.4845, 0.30169, 0.53008, 0.66396, 0.49144, 0, 0.62272, 0.57312, 0.5700350000000001, 0.52032, 0.37648, 0.41479, 0.46905, 0.483715, 0.58547, 0.50626, 0.37516000000000005, 0.39298, 0.259585], [0.405125, 0.372515, 0.67491, 0.58496, 0.64252, 0.62272, 0, 0.70369, 0.572255, 0.62696, 0.43001, 0.351485, 0.4759, 0.475655, 0.63813, 0.5745, 0.330235, 0.34886, 0.222365], [0.39942, 0.42649000000000004, 0.67912, 0.59823, 0.65961, 0.57312, 0.70369, 0, 0.592885, 0.61612, 0.57748, 0.33468, 0.46623, 0.494895, 0.60462, 0.71501, 0.36592, 0.37581, 0.186315], [0.41985, 0.333465, 0.51895, 0.560915, 0.502035, 0.5700350000000001, 0.572255, 0.592885, 0, 0.516305, 0.35238, 0.34526, 0.37204000000000004, 0.45364499999999996, 0.508805, 0.5361199999999999, 0.35653, 0.368675, 0.20127], [0.36306, 0.27578, 0.5945, 0.50925, 0.60728, 0.52032, 0.62696, 0.61612, 0.516305, 0, 0.45758, 0.35624, 0.50615, 0.42102, 0.56217, 0.58681, 0.361355, 0.42081, 0.207065], [0.377475, 0.35985, 0.52244, 0.40618, 0.58336, 0.37648, 0.43001, 0.57748, 0.35238, 0.45758, 0, 0.26676, 0.41952, 0.38287499999999997, 0.51164, 0.62528, 0.37063, 0.34813, 0.196525], [0.403185, 0.21576499999999998, 0.37339999999999995, 0.362475, 0.35205, 0.41479, 0.351485, 0.33468, 0.34526, 0.35624, 0.26676, 0, 0.40141000000000004, 0.331375, 0.368715, 0.312615, 0.25488, 0.364485, 0.145185], [0.3674, 0.273965, 0.45505, 0.42283, 0.43811, 0.46905, 0.4759, 0.46623, 0.37204000000000004, 0.50615, 0.41952, 0.40141000000000004, 0, 0.464595, 0.45898, 0.46309, 0.297915, 0.42779, 0.21836], [0.37476, 0.27806, 0.482325, 0.47602, 0.46151, 0.483715, 0.475655, 0.494895, 0.45364499999999996, 0.42102, 0.38287499999999997, 0.331375, 0.464595, 0, 0.516305, 0.521755, 0.38951, 0.39071500000000003, 0.221875], [0.41124499999999997, 0.449645, 0.66405, 0.60836, 0.63521, 0.58547, 0.63813, 0.60462, 0.508805, 0.56217, 0.51164, 0.368715, 0.45898, 0.516305, 0, 0.67588, 0.41237999999999997, 0.37264, 0.22292499999999998], [0.423805, 0.49650500000000003, 0.61741, 0.57026, 0.68235, 0.50626, 0.5745, 0.71501, 0.5361199999999999, 0.58681, 0.62528, 0.312615, 0.46309, 0.521755, 0.67588, 0, 0.42472, 0.38906, 0.21969], [0.36085500000000004, 0.25178, 0.391925, 0.358375, 0.366875, 0.37516000000000005, 0.330235, 0.36592, 0.35653, 0.361355, 0.37063, 0.25488, 0.297915, 0.38951, 0.41237999999999997, 0.42472, 0, 0.37754, 0.160165], [0.40536, 0.22149000000000002, 0.3417, 0.338, 0.34351, 0.39298, 0.34886, 0.37581, 0.368675, 0.42081, 0.34813, 0.364485, 0.42779, 0.39071500000000003, 0.37264, 0.38906, 0.37754, 0, 0.21785], [0.25858, 0.18639, 0.20806, 0.214695, 0.205525, 0.259585, 0.222365, 0.186315, 0.20127, 0.207065, 0.196525, 0.145185, 0.21836, 0.221875, 0.22292499999999998, 0.21969, 0.160165, 0.21785, 0]]}}