{"exons": {"units": [[1, 2, 3, 4, 5, 6, 7, 8, 9, 10, 11, 12, 13, 14, 15, 16, 17, 18, 19, 20, 21, 22, 23, 24, 25, 26, 27, 28, 29, 30, 31, 32, 33, 34, 35, 36, 37, 38, 39, 40, 41, 42, 43, 44, 45, 46, 47, 48, 49, 50, 51, 52, 53, 54, 55, 56, 57, 58, 59, 60, 61, 62, 63, 64, 65, 66, 67, 68, 69, 70, 71], [71, 72, 73, 74, 75, 76, 77, 78, 79, 80, 81, 82, 83, 84, 85, 86, 87, 88, 89, 90, 91, 92, 93, 94, 95], [95, 96, 97, 98, 99, 100, 101, 102, 103, 104, 105, 106, 107, 108, 109, 110, 111, 112, 113, 114, 115, 116, 117, 118, 119], [119, 120, 121, 122, 123, 124, 125, 126, 127, 128, 129, 130, 131, 132, 133, 134, 135, 136, 137, 138, 139, 140, 141, 142, 143], [143, 144, 145, 146, 147, 148, 149, 150, 151, 152, 153, 154, 155, 156, 157, 158, 159, 160, 161, 162, 163, 164, 165, 166, 167, 168, 169, 170, 171, 172, 173, 174, 175, 176, 177, 178, 179, 180, 181, 182, 183, 184, 185, 186, 187, 188, 189, 190, 191, 192, 193, 194, 195, 196, 197, 198, 199, 200, 201, 202, 203, 204, 205, 206, 207, 208, 209, 210, 211, 212, 213, 214, 215], [215, 216, 217, 218, 219, 220, 221, 222, 223, 224, 225, 226, 227, 228, 229, 230, 231, 232, 233, 234, 235, 236, 237, 238, 239], [239, 240, 241, 242, 243, 244, 245, 246, 247, 248, 249, 250, 251, 252, 253, 254, 255, 256, 257, 258, 259, 260, 261, 262], [262, 263, 264, 265, 266, 267, 268, 269, 270, 271, 272, 273, 274, 275, 276, 277, 278, 279, 280, 281, 282, 283, 284, 285, 286], [286, 287, 288, 289, 290, 291, 292, 293, 294, 295, 296, 297, 298, 299, 300, 301, 302, 303, 304, 305, 306, 307, 308, 309, 310], [310, 311, 312, 313, 314, 315, 316, 317, 318, 319, 320, 321, 322, 323, 324, 325, 326, 327, 328, 329, 330, 331, 332, 333], [333, 334, 335, 336, 337, 338, 339, 340, 341, 342, 343, 344, 345, 346, 347, 348, 349, 350, 351, 352, 353, 354, 355, 356, 357], [357, 358, 359, 360, 361, 362, 363, 364, 365, 366, 367, 368, 369, 370, 371, 372, 373, 374, 375, 376, 377, 378, 379], [379, 380, 381, 382, 383, 384, 385, 386, 387, 388, 389, 390, 391, 392, 393, 394, 395, 396, 397, 398, 399, 400, 401, 402, 403], [403, 404, 405, 406, 407, 408, 409, 410, 411, 412, 413, 414, 415, 416, 417, 418, 419, 420, 421, 422, 423, 424, 425, 426, 427], [427, 428, 429, 430, 431, 432, 433, 434, 435, 436, 437, 438, 439, 440, 441, 442, 443, 444, 445, 446, 447, 448, 449, 450, 451, 452, 453, 454, 455, 456, 457, 458, 459, 460, 461, 462, 463, 464, 465, 466, 467, 468, 469], [469, 470, 471, 472, 473, 474, 475, 476, 477, 478, 479, 480, 481, 482, 483, 484, 485, 486, 487, 488, 489, 490, 491, 492, 493, 494, 495, 496, 497, 498, 499, 500, 501, 502, 503, 504, 505, 506, 507, 508, 509, 510, 511, 512, 513, 514, 515, 516, 517, 518], [518, 519, 520, 521, 522, 523, 524, 525, 526, 527, 528, 529, 530, 531, 532, 533, 534, 535, 536, 537, 538, 539, 540, 541, 542, 543, 544, 545, 546], [546, 547, 548, 549, 550, 551, 552, 553, 554, 555, 556, 557, 558, 559, 560, 561, 562, 563, 564, 565, 566, 567, 568, 569, 570, 571, 572, 573, 574, 575, 576, 577, 578, 579, 580, 581, 582, 583, 584, 585, 586, 587, 588, 589, 590, 591, 592, 593, 594, 595, 596, 597, 598, 599, 600, 601, 602, 603, 604, 605, 606, 607, 608, 609, 610, 611, 612, 613, 614, 615, 616, 617, 618, 619, 620, 621, 622, 623, 624, 625, 626, 627, 628, 629, 630, 631, 632, 633, 634, 635, 636, 637, 638, 639, 640, 641, 642, 643, 644, 645, 646, 647, 648, 649, 650, 651, 652, 653, 654, 655, 656, 657, 658, 659, 660, 661, 662, 663, 664, 665, 666, 667, 668, 669, 670, 671, 672, 673, 674, 675, 676, 677, 678, 679, 680, 681, 682, 683, 684, 685, 686, 687, 688, 689, 690, 691, 692, 693, 694, 695, 696, 697, 698, 699, 700, 701, 702, 703, 704, 705, 706, 707, 708, 709, 710, 711, 712, 713, 714, 715, 716, 717, 718, 719, 720, 721, 722, 723, 724, 725, 726, 727, 728, 729, 730, 731, 732, 733, 734, 735, 736, 737, 738, 739, 740, 741, 742, 743, 744, 745, 746, 747, 748, 749, 750, 751, 752, 753, 754, 755, 756, 757, 758, 759, 760, 761, 762, 763, 764, 765, 766, 767, 768, 769, 770, 771, 772, 773, 774, 775, 776, 777, 778, 779, 780, 781, 782, 783, 784, 785, 786, 787, 788, 789, 790, 791, 792, 793, 794, 795, 796, 797, 798, 799, 800, 801, 802, 803, 804, 805, 806, 807, 808, 809, 810, 811, 812, 813, 814, 815, 816, 817, 818, 819, 820, 821, 822, 823, 824, 825, 826, 827, 828, 829, 830, 831, 832, 833, 834, 835, 836, 837, 838, 839, 840, 841, 842, 843, 844, 845, 846, 847, 848, 849, 850, 851, 852, 853, 854, 855, 856, 857, 858, 859, 860, 861, 862, 863, 864, 865, 866, 867, 868, 869, 870, 871, 872, 873, 874, 875, 876, 877, 878, 879, 880, 881, 882, 883, 884, 885, 886, 887, 888, 889, 890, 891, 892, 893, 894, 895, 896, 897, 898, 899, 900, 901, 902, 903, 904, 905, 906, 907]], "scores": [[0, 0, 0, 0, 0, 0, 0, 0, 0, 0, 0, 0, 0, 0, 0, 0, 0, 0], [0, 0, 0.53713, 0.57577, 0.419825, 0.56484, 0.569975, 0.47337, 0.42847, 0.38751, 0.47709, 0.47895, 0.56551, 0.52036, 0.35966, 0, 0, 0], [0, 0.53713, 0, 0.54483, 0.49156, 0.67956, 0.55871, 0.64389, 0.53669, 0.414825, 0.55889, 0.5331349999999999, 0.62015, 0.63174, 0.397615, 0, 0, 0], [0, 0.57577, 0.54483, 0, 0.46481, 0.59666, 0.63335, 0.56005, 0.44647, 0.37002, 0.45432, 0.50695, 0.63539, 0.56719, 0.39366500000000004, 0, 0, 0], [0, 0.419825, 0.49156, 0.46481, 0, 0.532685, 0.479215, 0.509145, 0.46064499999999997, 0.32006, 0.44262, 0.433805, 0.5023599999999999, 0.50661, 0.5675600000000001, 0, 0, 0], [0, 0.56484, 0.67956, 0.59666, 0.532685, 0, 0.611375, 0.635, 0.57689, 0.37948000000000004, 0.52302, 0.59538, 0.65839, 0.68136, 0.41369, 0, 0, 0], [0, 0.569975, 0.55871, 0.63335, 0.479215, 0.611375, 0, 0.590265, 0.382715, 0.43401, 0.47592, 0.5741350000000001, 0.57006, 0.523255, 0.42374, 0, 0, 0], [0, 0.47337, 0.64389, 0.56005, 0.509145, 0.635, 0.590265, 0, 0.4711, 0.39542, 0.58524, 0.5429250000000001, 0.65831, 0.57679, 0.40507, 0, 0, 0], [0, 0.42847, 0.53669, 0.44647, 0.46064499999999997, 0.57689, 0.382715, 0.4711, 0, 0.251685, 0.42175, 0.42382, 0.56446, 0.69507, 0.32444, 0, 0, 0], [0, 0.38751, 0.414825, 0.37002, 0.32006, 0.37948000000000004, 0.43401, 0.39542, 0.251685, 0, 0.46882999999999997, 0.403495, 0.40419, 0.36526000000000003, 0.34223499999999996, 0, 0, 0], [0, 0.47709, 0.55889, 0.45432, 0.44262, 0.52302, 0.47592, 0.58524, 0.42175, 0.46882999999999997, 0, 0.54167, 0.53817, 0.52296, 0.3946, 0, 0, 0], [0, 0.47895, 0.5331349999999999, 0.50695, 0.433805, 0.59538, 0.5741350000000001, 0.5429250000000001, 0.42382, 0.403495, 0.54167, 0, 0.6027750000000001, 0.589225, 0.440225, 0, 0, 0], [0, 0.56551, 0.62015, 0.63539, 0.5023599999999999, 0.65839, 0.57006, 0.65831, 0.56446, 0.40419, 0.53817, 0.6027750000000001, 0, 0.67197, 0.41696, 0, 0, 0], [0, 0.52036, 0.63174, 0.56719, 0.50661, 0.68136, 0.523255, 0.57679, 0.69507, 0.36526000000000003, 0.52296, 0.589225, 0.67197, 0, 0.422195, 0, 0, 0], [0, 0.35966, 0.397615, 0.39366500000000004, 0.5675600000000001, 0.41369, 0.42374, 0.40507, 0.32444, 0.34223499999999996, 0.3946, 0.440225, 0.41696, 0.422195, 0, 0, 0, 0], [0, 0, 0, 0, 0, 0, 0, 0, 0, 0, 0, 0, 0, 0, 0, 0, 0, 0], [0, 0, 0, 0, 0, 0, 0, 0, 0, 0, 0, 0, 0, 0, 0, 0, 0, 0], [0, 0, 0, 0, 0, 0, 0, 0, 0, 0, 0, 0, 0, 0, 0, 0, 0, 0]]}, "units": {"units": [[48, 49, 50, 51, 52, 53, 54, 55, 56, 57, 58, 59, 60, 61, 62, 63, 64, 65, 66, 67], [68, 69, 70, 71, 72, 73, 74, 75, 76, 77, 78, 79, 80, 81, 82, 83, 84, 85, 86, 87, 88, 89, 90, 91, 92], [93, 94, 95, 96, 97, 98, 99, 100, 101, 102, 103, 104, 105, 106, 107, 108, 109, 110, 111, 112, 113, 114, 115, 116], [117, 118, 119, 120, 121, 122, 123, 124, 125, 126, 127, 128, 129, 130, 131, 132, 133, 134, 135, 136, 137, 138, 139, 140], [141, 142, 143, 144, 145, 146, 147, 148, 149, 150, 151, 152, 153, 154, 155, 156, 157, 158, 159, 160, 161, 162, 163, 164], [165, 166, 167, 168, 169, 170, 171, 172, 173, 174, 175, 176, 177, 178, 179, 180, 181, 182, 183, 184, 185, 186, 187, 188], [189, 190, 191, 192, 193, 194, 195, 196, 197, 198, 199, 200, 201, 202, 203, 204, 205, 206, 207, 208, 209, 210, 211, 212], [213, 214, 215, 216, 217, 218, 219, 220, 221, 222, 223, 224, 225, 226, 227, 228, 229, 230, 231, 232, 233, 234, 235, 236], [237, 238, 239, 240, 241, 242, 243, 244, 245, 246, 247, 248, 249, 250, 251, 252, 253, 254, 255, 256, 257, 258, 259], [260, 261, 262, 263, 264, 265, 266, 267, 268, 269, 270, 271, 272, 273, 274, 275, 276, 277, 278, 279, 280, 281, 282, 283], [284, 285, 286, 287, 288, 289, 290, 291, 292, 293, 294, 295, 296, 297, 298, 299, 300, 301, 302, 303, 304, 305, 306, 307], [308, 309, 310, 311, 312, 313, 314, 315, 316, 317, 318, 319, 320, 321, 322, 323, 324, 325, 326, 327, 328, 329, 330], [331, 332, 333, 334, 335, 336, 337, 338, 339, 340, 341, 342, 343, 344, 345, 346, 347, 348, 349, 350, 351, 352, 353, 354], [355, 356, 357, 358, 359, 360, 361, 362, 363, 364, 365, 366, 367, 368, 369, 370, 371, 372, 373, 374, 375, 376], [377, 378, 379, 380, 381, 382, 383, 384, 385, 386, 387, 388, 389, 390, 391, 392, 393, 394, 395, 396, 397, 398, 399, 400], [401, 402, 403, 404, 405, 406, 407, 408, 409, 410, 411, 412, 413, 414, 415, 416, 417, 418, 419, 420, 421, 422, 423, 424], [425, 426, 427, 428, 429, 430, 431, 432, 433, 434, 435, 436, 437, 438, 439, 440, 441, 442, 443, 444, 445], [446, 447, 448, 449, 450, 451, 452, 453, 454, 455, 456, 457, 458, 459, 460, 461, 462, 463, 464, 465, 466, 467, 468]], "scores": [[0, 0.342385, 0.30135500000000004, 0.324845, 0.35863, 0.35899000000000003, 0.31874, 0.30856, 0.307855, 0.34670999999999996, 0.28781, 0.290435, 0.29651, 0.322565, 0.318255, 0.28446499999999997, 0.297505, 0.29151499999999997], [0.342385, 0, 0.50144, 0.542055, 0.534375, 0.441785, 0.48812500000000003, 0.5415, 0.529545, 0.457155, 0.44497, 0.341885, 0.43596, 0.432715, 0.545845, 0.51861, 0.33194, 0.41537], [0.30135500000000004, 0.50144, 0, 0.50287, 0.6239, 0.51753, 0.58813, 0.62341, 0.53383, 0.57836, 0.54714, 0.35441, 0.51605, 0.452175, 0.55615, 0.58978, 0.355835, 0.40918], [0.324845, 0.542055, 0.50287, 0, 0.51733, 0.55729, 0.52702, 0.53794, 0.58116, 0.51413, 0.42329, 0.3145, 0.40884, 0.41918, 0.56211, 0.53228, 0.34099, 0.362795], [0.35863, 0.534375, 0.6239, 0.51733, 0, 0.4459, 0.56473, 0.54578, 0.5083599999999999, 0.57945, 0.5855, 0.345845, 0.46684, 0.457605, 0.60403, 0.64313, 0.336935, 0.36273500000000003], [0.35899000000000003, 0.441785, 0.51753, 0.55729, 0.4459, 0, 0.61051, 0.57145, 0.593795, 0.52022, 0.39932, 0.38432, 0.46155, 0.52051, 0.60425, 0.46772, 0.46231, 0.40080499999999997], [0.31874, 0.48812500000000003, 0.58813, 0.52702, 0.56473, 0.61051, 0, 0.6823, 0.5975999999999999, 0.62828, 0.4298, 0.3423, 0.53545, 0.5185, 0.62042, 0.52857, 0.35367000000000004, 0.37982499999999997], [0.30856, 0.5415, 0.62341, 0.53794, 0.54578, 0.57145, 0.6823, 0, 0.57358, 0.57135, 0.54002, 0.33458, 0.48907, 0.533255, 0.59918, 0.63992, 0.403625, 0.41344000000000003], [0.307855, 0.529545, 0.53383, 0.58116, 0.5083599999999999, 0.593795, 0.5975999999999999, 0.57358, 0, 0.54619, 0.442615, 0.35893, 0.41778000000000004, 0.5084599999999999, 0.5350550000000001, 0.53213, 0.40663, 0.38191], [0.34670999999999996, 0.457155, 0.57836, 0.51413, 0.57945, 0.52022, 0.62828, 0.57135, 0.54619, 0, 0.51975, 0.37168, 0.54902, 0.4868, 0.61161, 0.5464, 0.35866, 0.442735], [0.28781, 0.44497, 0.54714, 0.42329, 0.5855, 0.39932, 0.4298, 0.54002, 0.442615, 0.51975, 0, 0.31374, 0.43964, 0.470565, 0.54986, 0.70239, 0.331515, 0.344815], [0.290435, 0.341885, 0.35441, 0.3145, 0.345845, 0.38432, 0.3423, 0.33458, 0.35893, 0.37168, 0.31374, 0, 0.412235, 0.33292, 0.353495, 0.33426, 0.25003, 0.32896], [0.29651, 0.43596, 0.51605, 0.40884, 0.46684, 0.46155, 0.53545, 0.48907, 0.41778000000000004, 0.54902, 0.43964, 0.412235, 0, 0.47950499999999996, 0.49996, 0.48596, 0.32127, 0.39178999999999997], [0.322565, 0.432715, 0.452175, 0.41918, 0.457605, 0.52051, 0.5185, 0.533255, 0.5084599999999999, 0.4868, 0.470565, 0.33292, 0.47950499999999996, 0, 0.5698700000000001, 0.5950150000000001, 0.42869, 0.419485], [0.318255, 0.545845, 0.55615, 0.56211, 0.60403, 0.60425, 0.62042, 0.59918, 0.5350550000000001, 0.61161, 0.54986, 0.353495, 0.49996, 0.5698700000000001, 0, 0.65525, 0.425345, 0.37889], [0.28446499999999997, 0.51861, 0.58978, 0.53228, 0.64313, 0.46772, 0.52857, 0.63992, 0.53213, 0.5464, 0.70239, 0.33426, 0.48596, 0.5950150000000001, 0.65525, 0, 0.405045, 0.379845], [0.297505, 0.33194, 0.355835, 0.34099, 0.336935, 0.46231, 0.35367000000000004, 0.403625, 0.40663, 0.35866, 0.331515, 0.25003, 0.32127, 0.42869, 0.425345, 0.405045, 0, 0.37151], [0.29151499999999997, 0.41537, 0.40918, 0.362795, 0.36273500000000003, 0.40080499999999997, 0.37982499999999997, 0.41344000000000003, 0.38191, 0.442735, 0.344815, 0.32896, 0.39178999999999997, 0.419485, 0.37889, 0.379845, 0.37151, 0]]}}